IC0598,153.2024,43.14555,False,0,False,2256,35.3,-22.6,0.06,-0.1,1.02
IC0719,175.077,9.009861,False,0,False,1833,29.4,-22.7,0.22,-2,1.1
IC3631,189.9502,12.97393,False,0,False,2822,42,-22.01,0.17,-1.3,1.13
NGC0448,18.81888,-1.626105,True,1,False,1908,29.5,-23.02,0.26,-2.5,1.05
NGC0524,21.19878,9.538793,True,10,False,2403,23.3,-24.71,0.36,-1.2,1.64
NGC0525,21.22044,9.70324,False,0,False,2139,30.7,-21.86,0.38,-2,1.06
NGC0661,26.06098,28.70599,False,1,False,3815,30.6,-23.19,0.3,-4.4,1.12
NGC0936,36.90609,-1.15628,True,4,False,1429,22.4,-24.85,0.15,-1.2,1.72
NGC1121,42.66339,-1.73404,False,0,False,2558,35.3,-22.7,0.29,-1.8,0.87
NGC2481,119.3072,23.76769,False,0,False,2157,32,-23.38,0.28,0.4,1.02
NGC2549,124.7431,57.80311,True,1,False,1051,12.3,-22.43,0.28,-2,1.28
NGC2592,126.7837,25.97034,True,1,False,1979,25,-22.88,0.25,-4.8,1.09
NGC2594,126.8216,25.87893,False,0,False,2362,35.1,-22.36,0.24,0,0.82
NGC2685,133.8948,58.73441,False,0,False,875,16.7,-22.78,0.27,-1,1.41
NGC2764,137.073,21.44345,False,0,False,2706,39.6,-23.19,0.17,-2,1.09
NGC2778,138.1016,35.02742,True,1,False,2025,22.3,-22.23,0.09,-4.8,1.2
NGC2824,139.7593,26.27,False,0,False,2758,40.7,-22.93,0.14,-2,0.86
NGC2859,141.0773,34.51338,False,0,False,1690,27,-24.13,0.09,-1.2,1.43
NGC2950,145.6463,58.85122,True,1,False,1322,14.5,-22.93,0.07,-2,1.19
NGC2962,145.2246,5.16582,False,3,False,1967,34,-24.01,0.25,-1.1,1.39
NGC3073,150.2168,55.61893,True,1,False,1173,32.8,-21.78,0.05,-2.8,1.13
NGC3098,150.5695,24.71109,False,0,False,1397,23,-22.72,0.16,-1.5,1.12
NGC3182,154.8876,58.20582,False,0,False,2118,34,-23.19,0.05,0.4,1.32
NGC3193,154.6037,21.89398,True,3,False,1381,33.1,-24.63,0.11,-4.8,1.42
NGC3230,155.9331,12.56788,False,0,False,2795,40.8,-24.18,0.16,-1.8,1.26
NGC3245,156.8265,28.50743,True,1,False,1326,20.3,-23.69,0.11,-2.1,1.4
NGC3522,166.6685,20.08562,False,1,False,1228,25.5,-21.67,0.1,-4.9,1.01
NGC3595,168.8565,47.44715,False,0,False,2177,34.7,-23.28,0.09,-3.3,1.15
NGC3610,169.6053,58.78625,True,4,False,1707,20.8,-23.69,0.04,-4.2,1.2
NGC3694,172.2256,35.41386,False,0,False,2243,35.2,-22.35,0.1,-5,1.02
NGC3941,178.2307,36.98638,True,2,False,930,11.9,-23.06,0.09,-2,1.4
NGC4078,181.1985,10.59554,False,0,False,2546,38.1,-22.99,0.11,-2,0.92
NGC4168,183.0718,13.20535,False,1,False,2286,30.9,-24.03,0.16,-4.8,1.48
NGC4233,184.282,7.624434,False,1,False,2306,33.9,-23.88,0.1,-2,1.19
NGC4251,184.5346,28.1753,True,1,False,1066,19.1,-23.68,0.1,-1.9,1.29
NGC4521,188.1989,63.93929,False,0,False,2511,39.7,-23.92,0.08,-0.1,1.21
NGC4690,191.9813,-1.655975,False,0,False,2765,40.2,-22.96,0.13,-3,1.25
NGC4697,192.1496,-5.80085,True,8,False,1252,11.4,-23.93,0.13,-4.4,1.79
NGC4803,193.8903,8.240547,False,0,False,2645,39.4,-22.28,0.13,0,0.94
NGC5103,200.1252,43.08401,False,0,False,1273,23.4,-22.36,0.08,0,1.02
NGC5273,205.5349,35.65424,True,2,False,1085,16.1,-22.37,0.04,-1.9,1.57
NGC5473,211.1802,54.89262,False,0,False,2022,33.2,-24.25,0.05,-2.7,1.32
NGC5475,211.3014,55.7418,False,0,False,1671,28.6,-22.88,0.05,1,1.22
NGC5481,211.6717,50.72332,False,2,False,1989,25.8,-22.68,0.08,-3.9,1.35
NGC5485,211.7971,55.00152,True,3,False,1927,25.2,-23.61,0.07,-2,1.45
NGC5557,214.6071,36.49369,False,3,False,3219,38.8,-24.87,0.03,-4.8,1.46
NGC5582,215.1797,39.69358,True,3,False,1430,27.7,-23.28,0.06,-4.9,1.44
NGC5611,216.0199,33.0475,True,1,False,1968,24.5,-22.2,0.05,-1.9,1
NGC5770,223.3127,3.959721,True,1,False,1471,18.5,-22.15,0.17,-2,1.23
NGC5813,225.2969,1.70197,True,4,False,1956,31.3,-25.09,0.25,-4.8,1.76
NGC6010,238.5798,0.543033,False,0,False,2022,30.6,-23.53,0.45,0.4,1.16
NGC6014,238.9891,5.931838,False,0,False,2381,35.8,-22.99,0.22,-1.9,1.35
NGC6017,239.3145,5.998364,True,1,False,1788,29,-22.52,0.23,-5,0.85
NGC6278,255.2098,23.01096,False,0,False,2832,42.9,-24.19,0.27,-1.9,1.22
NGC7280,336.6149,16.14827,True,2,False,1845,23.7,-22.83,0.24,-1.3,1.33
NGC7332,339.3522,23.79835,True,1,False,1197,22.4,-23.75,0.16,-1.9,1.24
NGC7454,345.2771,16.38837,True,3,False,2020,23.2,-23,0.33,-4.7,1.41
NGC7693,353.2937,-1.29201,False,0,False,2502,35.4,-21.58,0.15,-1,1.11
NGC7710,353.9423,-2.880941,False,0,False,2407,34,-21.99,0.15,-1.9,0.92
PGC042549,190.3165,-5.009177,False,0,False,2822,40.7,-22.71,0.11,-5,1.06
PGC044433,194.5781,13.39141,False,0,False,2675,40.1,-22.25,0.13,0,0.71
PGC050395,211.9135,54.79457,False,0,False,2322,37.2,-21.92,0.05,0,1.04
PGC056772,240.5483,7.085953,False,0,False,2655,39.5,-22.06,0.19,-2,0.93
PGC071531,352.1213,19.86396,False,0,False,2030,30.4,-21.74,0.53,-4,0.88
UGC03960,115.0949,23.27509,False,0,False,2255,33.2,-21.89,0.2,-4.9,1.24
UGC04551,131.0246,49.79397,False,0,False,1728,28,-22.92,0.1,-2,1.03
UGC05408,150.9661,59.43614,False,0,False,2998,45.8,-22.03,0.06,-3.3,0.84
UGC06062,164.6567,9.050468,False,0,False,2634,38.7,-22.82,0.13,-2,1.05
UGC06176,166.8528,21.65718,False,0,False,2677,40.1,-22.66,0.08,-2,1.03
UGC08876,209.2419,45.97318,False,0,False,2085,33.9,-22.37,0.04,-0.1,0.93
UGC09519,221.588,34.37065,False,0,False,1631,27.6,-21.98,0.09,-1.9,0.87
IC0065,15.23097,47.68198,False,0,False,2614,39.7,-23.54,0.64,4,1.38
IC0750,179.7176,42.7224,False,1,False,701,36.8,-24.71,0.09,2.1,1.24
IC0777,184.8492,28.30988,False,0,False,2541,39,-21.92,0.1,2.6,0.95
IC0800,188.4863,15.35454,False,0,False,2326,35.8,-22.2,0.16,5.2,1.56
IC0851,197.1431,21.04974,False,0,False,2615,39.8,-21.82,0.15,3.1,1.31
IC0902,204.0051,49.96072,False,0,False,1618,27.9,-21.81,0.05,3.1,1.18
IC1151,239.6347,17.44155,False,0,False,2169,33.7,-22.24,0.16,5.2,1.35
IC1158,240.392,1.707832,False,0,False,1927,29.4,-22.15,0.49,5.1,1.45
IC1447,337.4991,-5.119929,False,0,False,2953,41.6,-22.87,0.24,3.1,1.43
IC1596,13.67843,21.52265,False,0,False,2674,38.9,-21.54,0.21,2,1.13
IC1711,22.73028,17.18848,False,0,False,2801,40.2,-23.52,0.45,3,1.1
IC2327,125.3665,3.169287,False,0,False,2684,37.8,-21.96,0.11,1.1,1.06
IC2461,139.9918,37.19105,False,0,False,2260,34.7,-22.65,0.05,3.2,1.07
IC4582,236.4142,28.08871,False,0,False,2145,34,-22.09,0.13,4.1,0.97
IC5334,353.6517,-4.534227,False,0,False,2209,31.1,-22.5,0.18,2.7,1.04
NGC0063,4.43969,11.45036,True,1,False,1160,18.2,-22.08,0.48,-3,1.34
NGC0428,18.23212,0.981581,False,0,False,1152,16.7,-21.74,0.12,8.6,1.69
NGC0473,19.97947,16.54465,False,0,False,2134,31.1,-22.93,0.39,-0.3,1.23
NGC0493,20.53744,0.945335,False,0,False,2338,32.8,-22.32,0.14,5.9,1.5
NGC0514,21.01627,12.91735,False,1,False,2472,34.4,-23.55,0.17,5.3,1.72
NGC0573,22.70563,41.25732,False,0,False,2788,41.6,-22.03,0.22,0,1.02
NGC0628,24.17405,15.78346,False,3,False,657,7.2,-22.47,0.3,5.2,2.15
NGC0660,25.75979,13.64568,False,0,False,850,13.5,-23.33,0.28,1.2,1.84
NGC0678,27.35358,21.9973,False,0,False,2835,40.9,-24.39,0.37,3,1.29
NGC0693,27.62853,6.14521,False,0,False,1567,22.5,-22.56,0.23,0.2,1.21
NGC0718,28.30548,4.195917,False,0,False,1733,24.6,-23.23,0.16,1,1.37
NGC0779,29.9276,-5.964152,False,2,False,1362,23,-23.75,0.12,3,1.47
NGC0803,30.93625,16.03096,False,0,False,2101,30.4,-22.61,0.22,5.3,1.44
NGC0864,33.86517,6.00262,False,0,False,1562,22.4,-23.24,0.21,5.1,1.92
NGC0895,35.40196,-5.521394,False,1,False,2288,36.6,-23.42,0.11,6,1.66
NGC0955,37.63796,-1.108482,False,0,False,1487,20.8,-22.85,0.16,2,1.18
NGC1012,39.81235,30.15167,False,0,False,987,16.3,-21.77,0.63,0,1.47
NGC1015,39.54819,-1.318618,False,0,False,2629,36.3,-23.47,0.14,1,1.35
NGC1032,39.84867,1.093801,False,0,False,2694,37.4,-24.5,0.16,0.4,1.37
NGC1068,40.66988,-0.01329,False,2,False,1137,19,-25.62,0.14,3,1.52
NGC1073,40.91916,1.37587,False,0,False,1208,17.2,-22.22,0.17,5.3,1.94
NGC1090,41.64132,-0.247042,False,0,False,2760,38.2,-23.72,0.14,3.7,1.6
NGC1924,82.00821,-5.310648,False,1,False,2558,31.6,-23.2,0.46,4,1.35
NGC2273A,100.0294,60.08066,False,0,False,2100,33.2,-22.24,0.35,5.9,1.57
NGC2644,130.3829,4.980223,False,0,False,1939,28,-21.89,0.16,4.6,1.25
NGC2681,133.3864,51.31371,True,1,False,692,16.7,-23.68,0.1,0.4,1.55
NGC2683,133.1723,33.4218,True,3,False,411,7.5,-23.06,0.14,3,1.75
NGC2690,133.1585,-2.603258,False,0,False,1607,23.1,-22.19,0.1,2,1.2
NGC2701,134.7738,53.77176,False,0,False,2326,36.3,-23.13,0.08,5.3,1.5
NGC2710,134.9514,55.70644,False,0,False,2526,39.1,-22.52,0.1,3,1.31
NGC2712,134.8769,44.914,False,0,False,1815,29,-23.22,0.09,3.1,1.48
NGC2722,134.6924,-3.710102,False,0,False,2760,38.6,-22.52,0.07,4.2,1.22
NGC2726,136.2369,59.93297,False,0,False,1518,25.7,-22.28,0.16,1,1.25
NGC2731,135.535,8.301766,False,0,False,2583,37,-22.38,0.29,5.5,1.16
NGC2735,135.661,25.93459,False,0,False,2450,36.5,-23.01,0.17,3,0.99
NGC2750,136.4496,25.43736,False,0,False,2674,39.4,-23.32,0.15,5.3,1.57
NGC2753,136.7843,25.34235,False,0,False,2783,40.9,-21.9,0.15,0,1.13
NGC2775,137.5838,7.037924,False,0,False,1354,20.5,-24.53,0.19,1.7,1.64
NGC2841,140.5111,50.97648,False,6,False,638,14.5,-24.75,0.07,3,1.9
NGC2844,140.4501,40.15122,False,0,False,1486,24.6,-22.06,0.08,0.6,1.08
NGC2893,142.5706,29.53999,False,0,False,1699,26.9,-21.85,0.1,0.4,0.97
NGC2903,143.0421,21.50083,False,5,False,556,8.9,-23.72,0.13,4,1.93
NGC2916,143.7399,21.70526,False,1,False,3730,40.6,-23.93,0.12,3.1,1.44
NGC2966,145.5479,4.673152,False,0,False,2044,30,-22.72,0.2,4.2,1.38
NGC3021,147.738,33.55347,False,2,False,1541,31.5,-23.32,0.06,4,1.31
NGC3041,148.2798,16.67769,False,0,False,1408,22.5,-23.04,0.15,5.4,1.83
NGC3044,148.4203,1.57965,False,0,False,1289,19.5,-22.48,0.11,5.7,1.58
NGC3049,148.7069,9.27164,False,0,False,1455,22.7,-21.83,0.17,2.5,1.52
NGC3055,148.8252,4.270082,False,0,False,1805,27,-22.68,0.22,5.3,1.47
NGC3094,150.358,15.76994,False,0,False,2404,35.6,-23.15,0.12,1,1.08
NGC3169,153.5629,3.46612,False,0,False,1238,19.1,-24.13,0.13,1.2,1.61
NGC3184,154.5708,41.42438,False,2,False,592,11.3,-23.05,0.07,6,2.09
NGC3198,154.9791,45.54969,False,19,False,663,14.5,-23.03,0.05,5.2,1.89
NGC3246,156.674,3.862108,False,0,False,2154,31.8,-21.8,0.16,7.9,1.45
NGC3254,157.333,29.49144,False,1,False,1355,37.8,-24.09,0.09,4,1.62
NGC3277,158.2311,28.51173,False,0,False,1408,23.9,-22.98,0.12,1.9,1.33
NGC3279,158.6783,11.19724,False,0,False,1394,22.9,-22.39,0.16,6.5,1.23
NGC3294,159.0678,37.32459,False,1,False,1586,29.5,-23.97,0.08,5.1,1.61
NGC3310,159.6911,53.5033,False,2,False,993,20.2,-22.92,0.1,4,1.2
NGC3320,159.9022,47.39796,False,0,False,2331,36.5,-22.72,0.09,5.8,1.31
NGC3344,160.8798,24.92222,False,0,False,586,6.8,-21.72,0.14,4,1.96
NGC3359,161.6535,63.22364,False,1,False,1014,13,-21.95,0.04,5.2,1.88
NGC3370,161.7668,17.2737,False,13,False,1279,27.7,-22.8,0.13,5.1,1.38
NGC3380,162.0506,28.60177,False,0,False,1606,26.7,-22.22,0.11,1,1.3
NGC3423,162.8098,5.840101,False,0,False,1011,13.9,-22.18,0.13,6,1.8
NGC3437,163.1489,22.93412,False,1,False,1283,31.9,-23.65,0.08,5.3,1.32
NGC3445,163.6478,56.99068,False,0,False,2069,33.4,-22.01,0.03,8.9,1.49
NGC3448,163.6635,54.30523,False,0,False,1350,23.8,-22.42,0.05,0.2,1.44
NGC3471,164.7876,61.53045,False,0,False,2109,34.1,-23.08,0.05,1,1.26
NGC3485,165.01,14.84155,False,0,False,1436,24.6,-22.5,0.09,3.1,1.59
NGC3486,165.0998,28.97482,False,0,False,681,8.6,-21.69,0.09,5.2,1.76
NGC3495,165.3174,3.628037,False,0,False,1130,17.2,-22.26,0.2,6.3,1.64
NGC3504,165.7966,27.97243,False,0,False,1534,26.1,-23.82,0.11,2.1,1.39
NGC3507,165.8558,18.13534,False,0,False,979,14.3,-22.41,0.11,3.1,1.75
NGC3521,166.4525,-0.0359,False,0,False,801,7.9,-23.72,0.25,4,1.78
NGC3547,167.4831,10.72074,False,0,False,1579,26.3,-21.66,0.1,3.2,1.33
NGC3556,167.879,55.67412,False,2,False,699,11.9,-23.34,0.07,6,1.94
NGC3583,168.5457,48.31838,False,1,False,2136,31.6,-24.13,0.06,3.1,1.45
NGC3611,169.3757,4.555429,False,1,False,1585,39.3,-23.49,0.21,1,1.24
NGC3614,169.5891,45.74829,False,0,False,2333,36.7,-23.19,0.06,5.2,1.69
NGC3629,170.1326,26.96341,False,0,False,1508,26.1,-21.6,0.08,5.9,1.54
NGC3633,170.1092,3.585485,False,0,False,2600,38,-23.05,0.27,1,1.05
NGC3675,171.5358,43.58592,False,2,False,770,20.9,-24.75,0.09,3,1.76
NGC3687,172.0024,29.51104,False,0,False,2507,38.4,-23.25,0.1,3.8,1.38
NGC3705,172.5311,9.27663,False,2,False,1018,23.6,-23.96,0.2,2.4,1.57
NGC3835,176.0203,60.11968,False,0,False,2466,39,-23.41,0.08,2,1.26
NGC3888,176.8931,55.96726,False,1,False,2408,41.5,-23.84,0.05,5.3,1.32
NGC3976,178.9901,6.750834,False,0,False,2497,37.2,-23.2,0.05,3.2,1.36
NGC4030,180.0985,-1.099963,False,3,False,1465,31,-25.14,0.12,4,1.61
NGC4045,180.6761,1.976771,False,0,False,1981,30.7,-23.69,0.1,1.3,1.36
NGC4062,181.016,31.89581,False,0,False,769,9.8,-21.75,0.11,5.3,1.72
NGC4067,181.0482,10.85435,False,0,False,2415,36.5,-22.91,0.11,3.1,1.2
NGC4096,181.5048,47.47836,False,0,False,566,9.6,-22.12,0.08,5.3,1.77
NGC4158,182.7924,20.17577,False,0,False,2458,37.6,-23.14,0.14,3.1,1.29
NGC4162,182.9686,24.12368,False,1,False,2569,26.8,-22.79,0.16,4,1.36
NGC4257,184.777,5.725926,False,0,False,2756,40.5,-22.34,0.09,1.7,1.05
NGC4348,185.9748,-3.442911,False,0,False,2005,30.6,-23.53,0.16,4.2,1.29
NGC4388,186.4451,12.66207,False,0,False,2524,38,-24.91,0.14,2.8,1.61
NGC4414,186.6129,31.22355,False,24,False,716,17.9,-24.33,0.08,5.2,1.52
NGC4454,187.2114,-1.93914,False,0,False,2407,35.6,-23.72,0.11,0.1,1.54
NGC4470,187.4075,7.824057,False,0,False,2341,35.5,-22.64,0.1,1.4,1.34
NGC4480,187.6116,4.246471,False,0,False,2439,36.4,-23.07,0.1,5,1.47
NGC4525,188.4633,30.27752,False,0,False,1172,23,-21.83,0.1,5.9,1.62
NGC4559,188.9904,27.95976,False,0,False,816,9,-22.2,0.08,6,1.98
NGC4591,189.8018,6.012214,False,0,False,2422,36.4,-22.58,0.09,2.3,1.22
NGC4602,190.1535,-5.13301,False,1,False,2539,34.5,-24.16,0.1,4.2,1.59
NGC4604,190.1872,-5.302535,False,0,False,2658,38.5,-21.54,0.1,10,1.1
NGC4651,190.9276,16.3934,False,2,False,805,24.1,-23.9,0.12,5.2,1.56
NGC4691,192.057,-3.332918,False,0,False,1110,16,-22.5,0.12,0.3,1.42
NGC4725,192.6109,25.50076,True,21,False,1206,12.9,-24.38,0.05,2.2,2.02
NGC4736,192.7215,41.12015,True,4,False,308,5.1,-23.42,0.08,2.4,1.66
NGC4747,192.9415,25.77732,False,0,False,1190,24.3,-21.64,0.05,7.2,1.42
NGC4771,193.3386,1.269171,False,0,False,1134,18.6,-22.35,0.09,6.3,1.52
NGC4772,193.3716,2.168344,False,1,False,1040,28.3,-23.91,0.12,1.1,1.47
NGC4779,193.4619,9.70992,False,0,False,2831,41.9,-23.25,0.09,4.6,1.39
NGC4791,193.6831,8.053164,False,0,False,2529,37.9,-21.56,0.14,0,1.03
NGC4793,193.6692,28.93877,False,0,False,2484,38.5,-24.04,0.05,5.1,1.51
NGC4799,193.8148,2.896605,False,0,False,2793,41,-23.18,0.15,4.9,1.01
NGC4800,193.6574,46.53114,False,1,False,891,29.8,-24.08,0.07,3,1.31
NGC4904,195.2444,-0.027452,False,0,False,1189,20.8,-22.1,0.11,5.8,1.52
NGC4941,196.0548,-5.55162,False,1,False,1108,21.2,-23.43,0.16,2.4,1.69
NGC4961,196.4482,27.73411,False,0,False,2535,39.1,-22.12,0.05,5.6,1.21
NGC5005,197.7346,37.05894,False,3,False,946,14.1,-24.31,0.06,4,1.63
NGC5014,197.88,36.28212,False,0,False,1126,21.4,-21.54,0.03,1.4,1.09
NGC5033,198.3647,36.59365,False,3,False,875,17.6,-24.28,0.05,5.1,1.79
NGC5055,198.9555,42.02929,False,2,False,504,10.1,-24.43,0.08,4,2.02
NGC5089,199.9137,30.25632,False,0,False,2141,34.2,-21.81,0.05,3.9,1.26
NGC5117,200.7353,28.31653,False,0,False,2382,37.2,-21.52,0.07,5.7,1.35
NGC5205,202.5154,62.51153,False,0,False,1766,29.9,-22.62,0.1,3,1.41
NGC5240,203.9801,35.58827,False,0,False,2234,35.5,-22.08,0.06,5.8,1.37
NGC5248,204.3836,8.88506,False,0,False,1151,20.8,-24.34,0.11,4,1.81
NGC5301,206.6025,46.10741,False,0,False,1503,26.4,-23,0.08,4.7,1.38
NGC5303,206.9373,38.30453,False,0,False,1419,25.3,-21.79,0.06,4.8,1.13
NGC5334,208.227,-1.114756,False,0,False,1386,23.1,-21.9,0.2,5.2,1.64
NGC5347,208.3244,33.49076,False,0,False,2335,36.8,-23.19,0.09,2,1.43
NGC5356,208.7434,5.333607,False,0,False,1374,23.7,-22.25,0.11,3.8,1.41
NGC5371,208.9168,40.46177,False,2,False,2558,31.4,-24.88,0.04,4,1.84
NGC5375,209.2333,29.16429,False,0,False,2386,37.3,-23.62,0.09,2.4,1.45
NGC5377,209.0695,47.23557,False,1,False,1793,31,-24.1,0.07,1,1.51
NGC5492,212.6466,19.61235,False,0,False,2271,35.3,-22.57,0.17,3,1.08
NGC5496,212.9077,-1.15872,False,0,False,1541,24.8,-21.68,0.25,6.5,1.58
NGC5523,213.718,25.31761,False,0,False,1039,18.9,-21.65,0.08,5.8,1.5
NGC5526,213.4739,57.77132,False,0,False,2004,33,-22.28,0.05,4.1,1.2
NGC5560,215.0187,3.992653,False,0,False,1729,27.6,-22.74,0.13,3,1.27
NGC5584,215.5992,-0.387449,False,0,False,1638,26,-22.14,0.17,6,1.65
NGC5602,215.5785,50.50142,False,0,False,2230,35.9,-23.19,0.09,1,1.21
NGC5630,216.9024,41.25782,False,0,False,2655,41.3,-22.24,0.05,8,1.29
NGC5645,217.6642,7.275004,False,0,False,1370,23.1,-22.14,0.12,6.6,1.58
NGC5661,217.9892,6.250472,False,0,False,2354,35.6,-21.56,0.14,3.2,1.12
NGC5667,217.5954,59.46968,False,0,False,1943,32.2,-22.08,0.04,5.9,1.49
NGC5678,218.0233,57.92144,False,2,False,1922,30,-24.11,0.05,3.3,1.54
NGC5730,219.9675,42.74234,False,0,False,2533,39.8,-22,0.07,9.6,1.23
NGC5740,221.1018,1.679692,False,1,False,1572,30.5,-23.56,0.16,3,1.46
NGC5777,222.8242,58.97781,False,0,False,2145,34.9,-23.41,0.05,3.2,1.13
NGC5795,224.0828,49.40021,False,0,False,2366,37.7,-22.99,0.08,4.9,1.23
NGC5850,226.782,1.54428,False,0,False,2556,37.9,-24.81,0.24,3.1,1.83
NGC5894,227.9206,59.80882,False,0,False,2466,39.3,-23.92,0.05,8,1.42
NGC5921,230.4857,5.07054,False,0,False,1480,23.9,-23.81,0.17,4,1.75
NGC5951,233.4295,15.00729,False,0,False,1780,28.5,-22.24,0.21,5.2,1.51
NGC5958,233.7047,28.65512,False,0,False,2007,32.2,-22.14,0.11,4.6,1.29
NGC5961,233.8186,30.86409,False,0,False,1828,29.9,-21.67,0.12,2.5,1.05
NGC5981,234.4694,59.39396,False,0,False,1764,29.8,-23.03,0.11,4.3,1.22
NGC5985,234.9045,59.33195,False,0,False,2517,40,-24.86,0.07,3,1.77
NGC6012,238.5581,14.60124,False,0,False,1854,29.3,-22.81,0.16,1.7,1.48
NGC6015,237.8551,62.31003,False,0,False,835,17.1,-22.7,0.05,6,1.7
NGC6063,241.804,7.979009,False,3,False,2848,41.1,-22.54,0.2,5.9,1.39
NGC6070,242.4945,0.709315,False,1,False,2004,26.8,-23.45,0.63,6,1.58
NGC6106,244.6967,7.411013,False,0,False,1448,23.3,-22.25,0.29,5.3,1.41
NGC6118,245.4526,-2.283422,False,0,False,1573,24.3,-23.28,0.68,6,1.73
NGC6155,246.5346,48.36692,False,0,False,2418,38.4,-22.96,0.06,5.4,1.35
NGC6181,248.0874,19.8266,False,1,False,2375,35,-24.07,0.27,5.2,1.31
NGC6207,250.7656,36.83242,False,3,False,852,21.4,-22.53,0.07,4.9,1.4
NGC6339,259.2771,40.84496,False,0,False,2108,33.9,-21.69,0.13,6.4,1.38
NGC6384,263.1013,7.06027,False,2,False,1665,18.5,-23.85,0.53,3.6,1.96
NGC6675,279.3603,40.05771,False,0,False,2495,38.9,-23.46,0.3,4,1.43
NGC6764,287.0681,50.93309,False,1,False,2416,37.4,-23.54,0.29,3.6,1.55
NGC7137,327.0543,22.15958,False,0,False,1686,26.3,-23.29,0.59,5,1.44
NGC7177,330.1719,17.73812,False,1,False,1150,20.5,-23.41,0.32,2.5,1.35
NGC7217,331.9682,31.35925,False,0,False,952,16.9,-24.34,0.38,2.5,1.69
NGC7241,333.9578,19.23236,False,0,False,1447,22.8,-22.83,0.23,4,1.38
NGC7328,339.3721,10.53158,False,0,False,2825,40.9,-23.45,0.36,2.1,1.35
NGC7339,339.4454,23.78667,False,1,False,1313,17,-22.6,0.16,4,1.35
NGC7347,339.984,11.02756,False,0,False,2239,32.9,-21.88,0.25,4.6,1.18
NGC7416,343.9238,-5.495346,False,0,False,2859,40.1,-23.79,0.19,3,1.4
NGC7463,345.4666,15.98185,False,0,False,2341,34.5,-22.47,0.32,3,1.17
NGC7479,346.2361,12.32288,False,1,False,2381,31.1,-24.3,0.49,4.4,1.68
NGC7497,347.2643,18.17718,False,0,False,1708,26,-23,0.77,6.2,1.69
NGC7625,350.1255,17.2256,False,0,False,1633,24.8,-23.11,0.11,1,1.25
NGC7678,352.1162,22.42118,False,1,False,3489,35.3,-23.62,0.21,4.9,1.56
NGC7694,353.3157,-2.702838,False,0,False,2281,32.2,-21.77,0.2,10,1.34
NGC7714,354.0587,2.15502,False,0,False,2798,39.6,-23.25,0.23,3.1,1.08
NGC7716,354.1311,0.297313,False,0,False,2579,36.5,-23.51,0.15,3,1.37
NGC7742,356.0655,10.7671,False,0,False,1663,24.7,-23.35,0.24,2.8,1.25
NGC7743,356.088,9.934042,True,2,False,1710,20.1,-23.13,0.3,-0.9,1.59
NGC7814,0.81228,16.14523,True,4,False,1050,12.8,-23.47,0.19,2,1.61
PGC005363,21.63864,39.88103,False,0,False,2610,39.1,-21.81,0.25,0,1.04
PGC009485,37.3819,-3.212962,False,0,False,2435,33.6,-22.42,0.12,0,1.23
PGC069448,340.063,-2.424036,False,0,False,2970,42,-22.36,0.23,3.9,1.43
PGC2800919,323.975,-3.148177,False,0,False,2873,40.9,-21.9,0.18,0,0.78
UGC00260,6.762131,11.58381,False,0,False,2131,30.9,-22.12,0.33,5.8,1.19
UGC01551,30.90623,24.07553,False,0,False,2671,38.8,-21.7,0.4,6.1,1.51
UGC03053,67.04031,21.65532,False,0,False,2414,34.8,-23,1.95,5.9,1.26
UGC03258,77.67921,0.408305,False,0,False,2821,38.9,-22.61,0.29,2,1.32
UGC03685,107.2748,61.59552,False,0,False,1797,29.2,-22.88,0.25,3,1.55
UGC04621,132.5492,35.07643,False,0,False,2306,35,-22.31,0.17,1,1.16
UGC04824,137.8899,51.2543,False,0,False,2184,34.3,-21.52,0.08,6.4,1.26
UGC04906,139.4164,52.99276,False,0,False,2304,36,-23.38,0.06,1.1,1.24
UGC05376,150.1128,3.374309,False,0,False,2054,30.2,-22.63,0.11,7.8,1.01
UGC05403,150.6482,19.17707,False,0,False,2082,31.7,-22.18,0.14,0,0.97
UGC05720,158.1331,54.40098,False,0,False,1430,24.8,-21.55,0.05,9.9,1.05
UGC06402,170.8297,-0.92244,False,0,False,2608,37.8,-21.67,0.19,8,1.02
UGC06517,173.01,36.69812,False,0,False,2491,38.5,-21.82,0.12,3.7,1.28
UGC06879,178.6045,-2.319723,False,0,False,2388,35.1,-21.82,0.11,7.2,1.38
UGC07179,182.7419,63.91457,False,0,False,2630,41.3,-23.33,0.08,0,1.19
UGC08067,194.3007,-1.706808,False,0,False,2833,41.2,-22.66,0.08,3.6,1.28
UGC08658,205.1663,54.333,False,0,False,2029,33.3,-21.9,0.07,5,1.62
UGC08693,206.1184,35.1923,False,0,False,2438,38.2,-21.55,0.05,4.4,1.18
UGC08756,207.6497,42.54144,False,0,False,1354,24.4,-21.6,0.06,1.3,1.03
UGC09665,225.3852,48.3199,False,0,False,2558,40.3,-22.77,0.1,4,1.11
UGC09703,226.3595,46.56531,False,0,False,2471,39.1,-21.89,0.09,0,1.07
UGC09741,227.1396,52.29615,False,0,False,2498,39.6,-21.65,0.1,3,1.16
UGC09977,235.4981,0.713232,False,0,False,1915,29.2,-21.77,0.49,5.3,1.35
UGC10043,237.1716,21.86939,False,0,False,2161,33.8,-22.26,0.25,4.1,1.09
UGC10288,243.6033,-0.20754,False,0,False,2044,30.8,-23.1,0.58,5.3,1.5
UGC12010,335.828,5.53387,False,0,False,2797,40.2,-21.65,0.58,2,1.21
UGC12074,338.2762,8.097454,False,0,False,1988,29.3,-21.67,0.67,0,1.09
UGC12300,345.155,12.78227,False,0,False,2294,33.6,-22.12,0.8,0.9,1.13
UGC12518,350.0533,7.932117,False,0,False,2787,40,-22.59,0.49,3,1.09
UGC12857,359.198,1.355099,False,0,False,2477,35.1,-22.05,0.12,4,1.1
