IC0560,146.472656,-0.268221,0,0,0,1853,27.2,-22.10,0.59,-0.7,1.11
IC1024,217.863419,3.009107,0,0,0,1479,24.2,-21.85,0.13,-2.0,1.05
NGC0502,20.731415,9.049169,0,0,0,2524,35.9,-23.05,0.17,-2.0,1.07
NGC0680,27.447035,21.970827,0,1,0,2928,37.5,-24.17,0.34,-4.0,1.16
NGC0770,29.806850,18.954695,0,0,0,2543,36.7,-22.57,0.31,-4.2,0.94
NGC1665,72.071098,-5.427655,0,0,0,2745,37.5,-23.63,0.26,-1.8,1.50
NGC2577,125.681137,22.553040,0,0,0,2062,30.8,-23.41,0.23,-3.0,1.15
NGC2679,132.887192,30.865419,0,0,0,2027,31.1,-22.81,0.14,-2.0,1.35
NGC2699,133.953415,-3.127507,1,3,0,1868,26.2,-22.72,0.08,-5.0,1.06
NGC2768,137.906265,60.037209,1,5,0,1353,21.8,-24.71,0.20,-4.4,1.80
NGC2852,140.810684,40.163879,0,0,0,1781,28.5,-22.18,0.06,1.0,0.85
NGC2880,142.394241,62.490620,1,1,0,1554,21.3,-22.98,0.14,-2.7,1.32
NGC3032,148.034119,29.236279,1,2,0,1562,21.4,-22.01,0.07,-1.9,1.12
NGC3156,153.171692,3.129320,1,3,0,1338,21.8,-22.15,0.15,-2.5,1.24
NGC3226,155.862549,19.898439,1,3,0,1315,22.9,-23.24,0.10,-4.8,1.49
NGC3248,156.939270,22.847170,0,0,0,1481,24.6,-22.43,0.09,-2.0,1.20
NGC3301,159.233459,21.882166,0,0,0,1339,22.8,-23.28,0.10,-0.4,1.30
NGC3377,161.926666,13.985640,1,10,0,690,10.9,-22.76,0.15,-4.8,1.55
NGC3379,161.956665,12.581630,1,15,0,918,10.3,-23.80,0.11,-4.8,1.60
NGC3384,162.070404,12.629300,1,10,0,733,11.3,-23.52,0.12,-2.7,1.51
NGC3400,162.689590,28.468929,0,0,0,1441,24.7,-21.82,0.08,0.7,1.23
NGC3412,162.722137,13.412142,1,5,0,860,11.0,-22.55,0.12,-2.0,1.49
NGC3457,163.702591,17.621157,1,1,0,1148,20.1,-21.89,0.13,-5.0,1.13
NGC3458,164.006042,57.116970,0,0,0,1877,30.9,-23.12,0.04,-2.0,1.06
NGC3499,165.796280,56.221664,0,0,0,1535,26.4,-21.88,0.04,0.0,0.94
NGC3599,168.862305,18.110369,1,3,0,839,19.8,-22.22,0.09,-2.0,1.37
NGC3605,169.194260,18.017141,1,3,0,661,20.1,-21.83,0.09,-4.5,1.23
NGC3607,169.227737,18.051809,1,4,0,942,22.2,-24.74,0.09,-3.1,1.59
NGC3608,169.245697,18.148531,1,4,0,1226,22.3,-23.65,0.09,-4.8,1.47
NGC3613,169.650543,57.999924,1,3,0,2051,28.3,-24.26,0.05,-4.7,1.42
NGC3619,169.840088,57.757683,0,0,0,1560,26.8,-23.57,0.08,-0.9,1.42
NGC3626,170.015808,18.356791,1,1,0,1486,19.5,-23.30,0.08,-1.0,1.41
NGC3630,170.070786,2.964170,0,0,0,1499,25.0,-23.16,0.18,-1.5,1.10
NGC3641,170.286621,3.194489,1,1,0,1780,25.9,-21.85,0.18,-4.9,0.97
NGC3648,170.631195,39.876972,0,0,0,1970,31.9,-23.06,0.09,-2.0,1.12
NGC3658,170.992706,38.562424,0,0,0,2039,32.7,-23.45,0.09,-2.2,1.28
NGC3674,171.610870,57.048290,0,0,0,2055,33.4,-23.23,0.06,-1.9,1.05
NGC3796,175.129776,60.298958,0,0,0,1250,22.7,-21.84,0.06,0.0,1.06
NGC3838,176.057205,57.948101,0,0,0,1308,23.5,-22.52,0.05,0.0,1.04
NGC3945,178.307190,60.675560,0,0,0,1281,23.2,-24.31,0.12,-1.2,1.45
NGC3998,179.484039,55.453564,1,2,0,1048,13.7,-23.33,0.07,-2.1,1.30
NGC4026,179.854950,50.961689,1,2,0,985,13.2,-23.03,0.09,-1.8,1.31
NGC4036,180.362045,61.895699,0,0,0,1385,24.6,-24.40,0.10,-2.6,1.46
NGC4111,181.763031,43.065392,1,1,0,792,14.6,-23.27,0.06,-1.4,1.08
NGC4119,182.040176,10.378720,0,0,1,1656,16.5,-22.60,0.12,-1.3,1.60
NGC4143,182.400360,42.534218,1,2,0,946,15.5,-23.10,0.05,-1.9,1.39
NGC4150,182.640228,30.401487,1,4,0,208,13.4,-21.65,0.08,-2.1,1.20
NGC4179,183.217087,1.299673,0,0,1,1300,16.5,-23.18,0.14,-1.9,1.30
NGC4191,183.459915,7.200842,0,0,0,2646,39.2,-23.10,0.09,-1.8,1.06
NGC4203,183.770935,33.197243,1,2,0,1087,14.7,-23.44,0.05,-2.7,1.47
NGC4255,184.734100,4.785923,0,0,0,1995,31.2,-22.99,0.09,-1.9,1.10
NGC4259,184.842468,5.376242,0,0,0,2497,37.2,-22.19,0.08,-2.0,0.89
NGC4261,184.846924,5.824710,1,5,0,2212,30.8,-25.18,0.08,-4.8,1.58
NGC4262,184.877426,14.877717,2,1,1,1375,15.4,-22.60,0.16,-2.7,1.10
NGC4264,184.899078,5.846804,0,0,0,2518,37.5,-23.00,0.08,-1.1,1.14
NGC4267,184.938675,12.798356,2,1,1,1021,15.8,-23.18,0.20,-2.7,1.58
NGC4268,184.946762,5.283650,0,0,0,2034,31.7,-23.05,0.08,-0.3,1.20
NGC4270,184.955978,5.463371,0,0,0,2331,35.2,-23.69,0.08,-2.0,1.21
NGC4278,185.028320,29.280619,1,9,0,620,15.6,-23.80,0.13,-4.8,1.50
NGC4281,185.089691,5.386430,0,1,0,2671,24.4,-24.01,0.09,-1.5,1.34
NGC4283,185.086609,29.310898,1,3,0,1056,15.3,-21.80,0.11,-4.8,1.09
NGC4324,185.775726,5.250488,0,0,1,1665,16.5,-22.61,0.10,-0.9,1.30
NGC4339,185.895599,6.081713,1,3,1,1266,16.0,-22.49,0.11,-4.7,1.48
NGC4340,185.897141,16.722195,0,2,1,933,18.4,-23.01,0.11,-1.2,1.57
NGC4342,185.912598,7.053936,0,0,1,761,16.5,-22.07,0.09,-3.4,0.82
NGC4346,185.866425,46.993881,1,1,0,832,13.9,-22.55,0.05,-2.0,1.29
NGC4350,185.990891,16.693356,0,2,1,1210,15.4,-23.13,0.12,-1.8,1.23
NGC4365,186.117615,7.317520,2,13,0,1243,23.3,-25.21,0.09,-4.8,1.72
NGC4371,186.230957,11.704288,2,1,1,933,17.0,-23.45,0.16,-1.3,1.47
NGC4374,186.265747,12.886960,2,13,1,1017,18.5,-25.12,0.18,-4.3,1.72
NGC4377,186.301285,14.762218,2,1,1,1338,17.8,-22.43,0.17,-2.6,1.13
NGC4379,186.311386,15.607498,2,2,1,1074,15.8,-22.24,0.10,-2.8,1.27
NGC4382,186.350220,18.191080,2,7,1,746,17.9,-25.13,0.13,-1.3,1.82
NGC4387,186.423813,12.810359,2,3,1,565,17.9,-22.13,0.14,-4.9,1.20
NGC4406,186.549225,12.945970,2,15,1,-224,16.8,-25.04,0.13,-4.8,1.97
NGC4417,186.710938,9.584117,2,1,1,828,16.0,-22.86,0.11,-1.9,1.25
NGC4425,186.805664,12.734803,0,0,1,1908,16.5,-22.09,0.13,-0.6,1.38
NGC4429,186.860657,11.107540,0,0,1,1104,16.5,-24.32,0.14,-1.1,1.62
NGC4434,186.902832,8.154311,2,5,0,1070,22.4,-22.55,0.10,-4.8,1.16
NGC4435,186.918762,13.079021,2,0,1,791,16.7,-23.83,0.13,-2.1,1.49
NGC4442,187.016220,9.803620,2,1,1,547,15.3,-23.63,0.09,-1.9,1.44
NGC4452,187.180417,11.755000,0,2,1,188,15.6,-21.88,0.13,-2.0,1.30
NGC4458,187.239716,13.241916,2,8,1,677,16.4,-21.76,0.10,-4.8,1.37
NGC4459,187.250107,13.978580,2,3,1,1192,16.1,-23.89,0.19,-1.4,1.56
NGC4461,187.262543,13.183857,0,0,1,1924,16.5,-23.08,0.10,-0.8,1.40
NGC4472,187.444992,8.000410,2,18,1,981,17.1,-25.78,0.10,-4.8,1.98
NGC4473,187.453659,13.429320,2,8,1,2260,15.3,-23.77,0.12,-4.7,1.43
NGC4474,187.473099,14.068673,2,1,1,1611,15.6,-22.28,0.18,-2.0,1.30
NGC4476,187.496170,12.348669,2,3,1,1968,17.6,-21.78,0.12,-3.0,1.20
NGC4477,187.509048,13.636443,0,0,1,1338,16.5,-23.75,0.14,-1.9,1.59
NGC4478,187.572662,12.328578,2,9,1,1375,17.0,-22.80,0.10,-4.8,1.20
NGC4483,187.669250,9.015665,2,1,1,906,16.7,-21.84,0.09,-1.3,1.24
NGC4486,187.705933,12.391100,2,15,1,1284,17.2,-25.38,0.10,-4.3,1.91
NGC4486A,187.740540,12.270361,2,0,1,758,18.3,-21.82,0.10,-5.0,0.94
NGC4489,187.717667,16.758696,2,5,1,961,15.4,-21.59,0.12,-4.8,1.42
NGC4494,187.850143,25.774981,1,9,0,1342,16.6,-24.11,0.09,-4.8,1.69
NGC4503,188.025803,11.176434,0,0,1,1334,16.5,-23.22,0.22,-1.8,1.45
NGC4526,188.512619,7.699140,1,5,1,617,16.4,-24.62,0.10,-1.9,1.65
NGC4528,188.525269,11.321266,2,0,1,1378,15.8,-22.05,0.20,-2.0,1.15
NGC4546,188.872940,-3.793227,1,2,0,1057,13.7,-23.30,0.15,-2.7,1.40
NGC4550,188.877548,12.220955,2,3,1,459,15.5,-22.27,0.17,-2.1,1.19
NGC4551,188.908249,12.264010,2,5,1,1176,16.1,-22.18,0.17,-4.9,1.22
NGC4552,188.916183,12.556040,2,12,1,344,15.8,-24.29,0.18,-4.6,1.53
NGC4564,189.112473,11.439320,2,5,1,1155,15.8,-23.08,0.14,-4.8,1.31
NGC4570,189.222504,7.246663,2,1,1,1787,17.1,-23.48,0.09,-2.0,1.30
NGC4578,189.377274,9.555121,2,3,1,2292,16.3,-22.66,0.09,-2.0,1.51
NGC4596,189.983063,10.176031,0,0,1,1892,16.5,-23.63,0.09,-0.9,1.59
NGC4608,190.305374,10.155793,0,0,1,1850,16.5,-22.94,0.07,-1.9,1.42
NGC4612,190.386490,7.314782,2,1,1,1775,16.6,-22.55,0.11,-2.0,1.40
NGC4621,190.509674,11.646930,2,9,1,467,14.9,-24.14,0.14,-4.8,1.63
NGC4623,190.544601,7.676934,2,1,1,1807,17.4,-21.74,0.10,-1.5,1.31
NGC4624,191.274826,3.055684,0,0,1,912,16.5,-23.67,0.10,-0.6,1.64
NGC4636,190.707779,2.687780,1,11,0,930,14.3,-24.36,0.12,-4.8,1.95
NGC4638,190.697632,11.442459,2,2,1,1152,17.5,-23.01,0.11,-2.7,1.22
NGC4649,190.916702,11.552610,2,11,1,1110,17.3,-25.46,0.11,-4.6,1.82
NGC4660,191.133209,11.190533,2,5,1,1087,15.0,-22.69,0.15,-4.7,1.09
NGC4694,192.062881,10.983624,0,0,1,1171,16.5,-22.15,0.17,-2.0,1.47
NGC4710,192.412323,15.165490,0,0,1,1102,16.5,-23.53,0.13,-0.9,1.48
NGC4733,192.778259,10.912103,1,1,1,925,14.5,-21.80,0.09,-3.8,1.52
NGC4753,193.092133,-1.199690,1,3,0,1163,22.9,-25.09,0.14,-1.4,1.69
NGC4754,193.073181,11.313660,2,3,1,1351,16.1,-23.64,0.14,-2.5,1.50
NGC4762,193.233536,11.230800,0,2,0,986,22.6,-24.48,0.09,-1.8,1.64
NGC5173,202.105301,46.591572,0,0,0,2424,38.4,-22.88,0.12,-4.9,1.01
NGC5198,202.547546,46.670830,0,0,0,2519,39.6,-24.10,0.10,-4.8,1.38
NGC5308,206.751633,60.973038,0,6,0,1998,31.5,-24.13,0.08,-2.1,1.25
NGC5342,207.857910,59.863014,0,0,0,2189,35.5,-22.61,0.05,-2.0,0.97
NGC5353,208.361420,40.283123,0,0,0,2198,35.2,-25.11,0.05,-2.1,1.30
NGC5355,208.439850,40.338795,0,0,0,2344,37.1,-22.40,0.05,-2.1,1.06
NGC5358,208.501801,40.277420,0,0,0,2412,38.0,-22.01,0.04,-0.2,1.05
NGC5379,208.893112,59.742825,0,0,0,1774,30.0,-22.08,0.08,-2.0,1.32
NGC5422,210.175262,55.164478,0,0,0,1838,30.8,-23.69,0.06,-1.5,1.33
NGC5507,213.332825,-3.148860,0,0,0,1851,28.5,-23.19,0.26,-2.3,1.09
NGC5576,215.265381,3.271049,1,3,0,1506,24.8,-24.15,0.13,-4.8,1.34
NGC5631,216.638687,56.582664,1,1,0,1944,27.0,-23.70,0.09,-1.9,1.32
NGC5638,217.418289,3.233443,1,3,0,1652,25.6,-23.80,0.14,-4.8,1.45
NGC5687,218.718201,54.475685,1,1,0,2143,27.2,-23.22,0.05,-3.0,1.36
NGC5831,226.029266,1.219917,1,3,0,1645,26.4,-23.69,0.25,-4.8,1.40
NGC5838,226.359467,2.099356,0,0,0,1341,21.8,-24.13,0.23,-2.6,1.40
NGC5839,226.364471,1.634633,1,1,0,1220,22.0,-22.53,0.23,-2.0,1.22
NGC5845,226.503281,1.633824,1,2,0,1472,25.2,-22.92,0.23,-4.9,0.80
NGC5854,226.948853,2.568560,0,0,0,1663,26.2,-23.30,0.23,-1.1,1.26
NGC5864,227.389786,3.052741,0,0,0,1874,29.0,-23.62,0.19,-1.7,1.35
NGC5866,226.623169,55.763309,1,3,0,755,14.9,-24.00,0.06,-1.3,1.56
NGC5869,227.456055,0.469967,0,1,0,2065,24.9,-23.27,0.24,-2.3,1.31
PGC016060,72.143387,-3.867104,0,0,0,2764,37.8,-22.64,0.19,-0.6,1.01
PGC028887,149.931290,11.660812,0,0,0,2833,41.0,-22.26,0.17,0.0,1.08
PGC029321,151.463226,12.961213,0,0,0,2816,40.9,-21.66,0.16,0.0,0.89
PGC054452,228.894180,2.248187,0,0,0,1918,29.5,-21.59,0.18,-2.0,1.14
IC0610,156.618179,20.228252,0,0,0,1170,19.6,-21.53,0.09,3.9,1.02
IC1029,218.113373,49.904766,0,0,0,2383,37.9,-23.95,0.08,3.1,1.22
IC1048,220.741150,4.890127,0,0,0,1636,26.2,-22.56,0.16,3.0,1.31
IC1066,223.261780,3.295883,0,0,0,1577,25.3,-21.55,0.21,4.9,1.25
IC1067,223.271805,3.331717,0,0,0,1577,25.3,-22.18,0.21,3.0,1.28
IC2098,72.684601,-5.418544,0,0,0,2819,38.5,-22.74,0.21,5.9,1.10
IC3061,183.768829,14.028975,0,0,0,2316,35.5,-22.12,0.16,5.2,1.26
IC3102,184.357605,6.689988,0,0,1,2235,16.5,-22.07,0.10,-0.9,1.49
IC3392,187.180405,14.999414,0,0,1,1687,16.5,-21.84,0.16,2.5,1.46
IC4336,207.680878,39.706844,0,0,0,2530,39.6,-22.37,0.08,3.0,1.36
NGC0488,20.445200,5.256720,0,0,0,2272,32.2,-25.58,0.13,2.9,1.80
NGC0489,20.474596,9.206488,0,0,0,2507,35.7,-23.22,0.18,0.0,1.03
NGC0518,21.073431,9.330955,0,0,0,2725,38.6,-23.17,0.34,1.0,1.25
NGC0522,21.191061,9.994623,0,0,0,2725,38.7,-23.53,0.37,4.1,1.37
NGC0532,21.322283,9.264087,0,0,0,2361,33.7,-23.84,0.40,1.9,1.44
NGC0972,38.555771,29.311243,0,0,0,1543,23.7,-24.05,0.46,2.0,1.44
NGC1056,40.701195,28.574266,0,0,0,1545,23.7,-22.80,0.65,1.0,1.13
NGC1321,51.202389,-3.015633,0,0,0,2848,39.1,-22.95,0.21,0.7,0.94
NGC2357,109.420753,23.356743,0,0,0,2275,33.4,-23.01,0.29,5.8,1.35
NGC2543,123.241478,36.254509,0,0,0,2471,37.1,-23.44,0.30,3.0,1.39
NGC2648,130.665939,14.285502,0,0,0,2060,30.3,-23.76,0.12,1.1,1.23
NGC2742,136.889694,60.479290,0,0,0,1289,22.6,-22.98,0.17,5.3,1.65
NGC2770,137.390091,33.123413,0,0,0,1947,30.2,-22.84,0.10,5.3,1.57
NGC2776,138.060547,44.954895,0,0,0,2626,40.0,-23.88,0.06,5.2,1.53
NGC2782,138.521332,40.113800,0,0,0,2543,38.6,-24.07,0.07,1.1,1.39
NGC2785,138.813858,40.917648,0,0,0,2622,39.7,-23.58,0.08,9.9,1.07
NGC2856,141.066696,49.249100,0,0,0,2638,40.4,-23.33,0.08,4.1,1.15
NGC2906,143.026031,8.441907,0,0,0,2140,31.4,-23.39,0.20,5.9,1.36
NGC2967,145.513885,0.336484,0,0,0,1894,27.7,-23.37,0.43,5.2,1.56
NGC3003,147.150208,33.421490,0,0,0,1478,24.4,-22.46,0.06,4.3,1.65
NGC3023,147.469315,0.617879,0,0,0,1879,27.6,-21.76,0.27,5.5,1.50
NGC3067,149.587738,32.369991,0,0,0,1476,24.4,-23.04,0.06,2.1,1.39
NGC3079,150.491348,55.680000,0,0,0,1116,20.3,-24.28,0.05,6.7,1.62
NGC3107,151.093643,13.621320,0,0,0,2815,40.9,-22.74,0.17,4.0,1.20
NGC3190,154.523514,21.831940,0,4,0,1271,24.6,-24.51,0.11,0.9,1.34
NGC3227,155.877533,19.864950,0,2,0,1157,22.4,-24.12,0.10,1.5,1.80
NGC3287,158.697113,21.648331,0,0,0,1306,22.2,-21.96,0.10,7.6,1.50
NGC3346,160.912033,14.871983,0,0,0,1260,21.3,-22.07,0.12,6.0,1.67
NGC3351,160.990555,11.703610,0,26,0,778,9.8,-23.31,0.12,3.1,1.86
NGC3368,161.690598,11.819940,1,27,0,897,10.1,-23.71,0.11,2.1,1.80
NGC3395,162.458817,32.982838,0,0,0,1625,27.1,-22.22,0.11,5.9,1.39
NGC3396,162.479691,32.990608,0,0,0,1625,27.1,-22.40,0.11,9.4,1.55
NGC3424,162.943008,32.900677,0,0,0,1494,25.4,-22.99,0.10,3.0,1.31
NGC3430,163.047562,32.950424,0,0,0,1586,26.6,-23.24,0.10,5.1,1.58
NGC3501,165.697113,17.989532,0,0,0,1130,19.4,-22.04,0.10,5.9,1.22
NGC3512,166.012451,28.036831,0,0,0,1376,24.2,-22.27,0.12,5.1,1.42
NGC3596,168.775925,14.787126,0,0,0,1193,21.3,-22.96,0.10,5.2,1.70
NGC3625,170.130234,57.781326,0,0,0,1940,31.8,-21.57,0.06,3.0,1.24
NGC3627,170.062607,12.991290,0,30,0,727,10.3,-24.18,0.14,3.1,1.90
NGC3628,170.070908,13.589490,0,0,0,843,8.0,-23.44,0.12,3.1,1.92
NGC3631,170.262268,53.169430,0,1,0,1156,24.3,-23.95,0.07,5.2,1.96
NGC3642,170.575058,59.074242,0,0,0,1588,27.2,-23.20,0.05,4.0,1.63
NGC3652,170.662735,37.765038,0,0,0,1997,32.1,-22.08,0.09,5.8,1.31
NGC3655,170.727524,16.590174,0,1,0,1473,24.0,-23.08,0.11,5.0,1.29
NGC3669,171.361725,57.721165,0,0,0,1940,31.8,-21.94,0.07,6.8,1.38
NGC3681,171.624176,16.863222,0,0,0,1239,23.4,-22.86,0.11,4.0,1.43
NGC3683,171.882874,56.876709,0,1,0,1716,33.3,-23.95,0.07,5.0,1.15
NGC3684,171.796555,17.030310,0,0,0,1163,21.6,-22.40,0.11,4.0,1.47
NGC3686,171.933090,17.224058,0,0,0,1156,21.4,-23.18,0.10,4.1,1.66
NGC3689,172.045853,25.661039,0,0,0,2739,41.2,-23.89,0.09,5.3,1.37
NGC3718,173.145584,53.067829,0,0,0,993,18.8,-23.61,0.06,1.0,1.74
NGC3726,173.338226,47.029091,0,7,0,866,14.7,-23.07,0.07,5.1,1.96
NGC3729,173.455505,53.125496,0,5,0,1060,20.9,-22.88,0.05,1.2,1.66
NGC3755,174.139008,36.410301,0,0,0,1570,27.0,-21.57,0.11,5.2,1.41
NGC3756,174.199890,54.293682,0,0,0,1318,23.6,-23.09,0.05,4.0,1.69
NGC3769,174.433777,47.893093,0,4,0,737,17.2,-21.99,0.10,3.4,1.46
NGC3780,174.843216,56.270725,0,0,0,2399,38.0,-23.86,0.06,5.2,1.63
NGC3786,174.926971,31.909365,0,0,0,2678,40.8,-23.72,0.10,1.1,1.31
NGC3788,174.935822,31.931305,0,0,0,2699,41.1,-23.73,0.10,2.2,1.21
NGC3810,175.244736,11.471132,0,0,1,992,16.5,-23.15,0.19,5.2,1.59
NGC3813,175.327728,36.546700,0,0,0,1465,25.7,-23.20,0.08,3.3,1.43
NGC3877,176.532425,47.494499,0,0,0,895,16.8,-23.39,0.10,5.1,1.64
NGC3898,177.314041,56.084351,0,0,0,1176,21.7,-24.03,0.09,1.7,1.50
NGC3900,177.289307,27.022076,0,0,0,1798,29.8,-23.68,0.14,-0.3,1.51
NGC3917,177.689529,51.824211,0,4,0,965,16.4,-22.21,0.09,5.8,1.73
NGC3938,178.206055,44.120731,0,0,0,809,14.5,-23.00,0.09,5.1,1.86
NGC3949,178.423950,47.858784,0,5,0,800,18.9,-22.79,0.09,4.0,1.52
NGC3953,178.454285,52.326542,0,7,0,1052,17.8,-24.22,0.13,4.0,1.89
NGC3972,178.937988,55.320671,0,4,0,852,22.0,-22.08,0.06,4.0,1.50
NGC3982,179.117371,55.125362,0,23,0,1109,21.3,-22.80,0.06,3.2,1.43
NGC3992,179.399933,53.374519,0,5,0,1048,20.7,-24.65,0.13,4.0,2.00
NGC4010,179.658295,47.261311,0,0,0,902,16.9,-21.56,0.10,6.9,1.45
NGC4013,179.630905,43.947021,0,0,0,831,15.0,-23.25,0.07,3.0,1.67
NGC4041,180.550720,62.137287,0,0,0,1234,22.6,-23.36,0.08,4.0,1.35
NGC4051,180.790359,44.531261,0,5,0,700,14.9,-23.20,0.06,4.0,1.91
NGC4064,181.046631,18.443451,0,0,1,913,16.5,-22.54,0.09,1.4,1.55
NGC4085,181.344604,50.352749,0,4,0,746,21.0,-22.50,0.08,5.3,1.34
NGC4088,181.392456,50.539028,0,6,0,757,14.4,-23.31,0.09,4.7,1.76
NGC4100,181.535843,49.582310,0,7,0,1074,19.6,-23.44,0.10,4.1,1.65
NGC4102,181.596313,52.710949,0,4,0,846,21.1,-23.91,0.09,3.1,1.25
NGC4123,182.046173,2.878309,0,0,1,1327,16.5,-22.30,0.09,5.0,1.91
NGC4138,182.374115,43.685318,1,5,0,888,13.4,-22.44,0.06,-0.9,1.37
NGC4145,182.506348,39.883862,0,0,0,1016,19.0,-22.92,0.12,6.9,1.99
NGC4151,182.636078,39.405762,0,0,0,995,18.5,-23.96,0.12,2.0,1.43
NGC4157,182.768188,50.484680,0,0,0,774,14.7,-23.48,0.09,3.3,1.58
NGC4178,183.193512,10.865998,0,0,1,374,16.5,-21.52,0.12,7.0,1.77
NGC4180,183.262726,7.038787,0,0,1,2096,16.5,-21.99,0.07,2.0,1.15
NGC4189,183.446991,13.424846,0,0,1,2115,16.5,-22.19,0.14,6.0,1.68
NGC4192,183.451218,14.900470,0,0,1,-142,16.5,-24.21,0.15,2.6,1.89
NGC4205,183.731598,63.782757,0,0,0,1417,25.1,-21.57,0.09,0.0,1.23
NGC4206,183.820312,13.023840,0,0,1,702,16.5,-21.71,0.14,4.0,1.65
NGC4207,183.876816,9.584940,0,0,1,596,16.5,-21.65,0.08,7.4,1.21
NGC4212,183.914062,13.901473,0,0,1,-81,16.5,-22.72,0.14,4.9,1.58
NGC4216,183.976852,13.149400,0,0,1,131,16.5,-24.58,0.14,3.0,1.64
NGC4217,183.962082,47.091789,0,4,0,1027,18.0,-23.70,0.08,3.0,1.71
NGC4220,184.048889,47.883354,0,0,0,914,17.3,-23.07,0.08,-0.3,1.47
NGC4224,184.140671,7.462119,0,0,0,2603,38.7,-24.34,0.10,1.0,1.41
NGC4235,184.291306,7.191658,0,0,0,2410,36.2,-24.41,0.08,1.0,1.43
NGC4237,184.297562,15.323948,0,0,1,867,16.5,-22.49,0.13,4.0,1.51
NGC4258,184.740082,47.303719,1,31,0,448,7.1,-23.79,0.07,4.0,2.11
NGC4260,184.842697,6.098803,0,1,0,1958,37.7,-24.35,0.10,0.9,1.53
NGC4266,184.926315,5.538200,0,0,1,1536,16.5,-21.64,0.10,1.0,1.27
NGC4274,184.961105,29.614700,0,0,0,930,14.5,-23.78,0.10,1.7,1.75
NGC4275,184.969177,27.620890,0,0,0,2312,36.1,-22.60,0.09,2.5,1.24
NGC4276,185.031235,7.691995,0,0,0,2618,38.9,-22.27,0.13,6.7,1.36
NGC4289,185.259598,3.721960,0,0,0,2618,38.6,-23.05,0.09,5.7,1.08
NGC4293,185.303711,18.382401,0,0,1,893,16.5,-23.62,0.17,0.2,1.83
NGC4298,185.386627,14.606049,0,0,1,1135,16.5,-22.63,0.15,5.2,1.67
NGC4303,185.478958,4.473590,0,0,1,1566,16.5,-24.25,0.10,4.0,1.90
NGC4307,185.523438,9.043552,0,0,1,1092,16.5,-22.37,0.10,3.2,1.43
NGC4312,185.630661,15.537920,0,0,1,153,16.5,-22.30,0.12,1.9,1.58
NGC4313,185.660583,11.800867,0,0,1,1443,16.5,-22.63,0.16,2.1,1.56
NGC4314,185.633240,29.895304,0,0,0,963,16.2,-23.50,0.11,1.0,1.59
NGC4316,185.675919,9.332812,0,0,1,1250,16.5,-21.85,0.10,5.6,1.26
NGC4321,185.728745,15.822380,0,34,1,1571,15.9,-24.42,0.11,4.1,2.07
NGC4330,185.821869,11.367980,0,0,1,1563,16.5,-21.59,0.10,6.3,1.61
NGC4343,185.911209,6.953936,0,0,1,1014,16.5,-22.13,0.09,3.0,1.21
NGC4369,186.150848,39.382980,0,0,0,1045,19.7,-22.57,0.11,1.0,1.36
NGC4370,186.228882,7.444566,0,0,1,782,16.5,-21.79,0.10,0.8,1.27
NGC4378,186.325317,4.925024,0,0,0,2559,38.0,-24.39,0.07,1.0,1.32
NGC4380,186.342407,10.016705,0,0,1,963,16.5,-22.76,0.10,2.3,1.68
NGC4383,186.356323,16.470005,0,0,1,1710,16.5,-21.60,0.10,1.0,1.10
NGC4384,186.300049,54.506130,0,0,0,2513,39.6,-22.61,0.08,1.0,1.31
NGC4385,186.428391,0.572589,0,0,0,2140,32.5,-22.79,0.11,-0.5,1.33
NGC4389,186.396240,45.684669,0,4,0,718,16.4,-21.95,0.06,4.1,1.52
NGC4394,186.481766,18.213926,0,0,1,922,16.5,-22.94,0.13,3.0,1.62
NGC4402,186.531525,13.112794,0,0,1,232,16.5,-22.61,0.13,3.2,1.55
NGC4405,186.529648,16.180849,0,0,1,1747,16.5,-21.72,0.11,-0.1,1.41
NGC4419,186.735138,15.047423,1,2,1,-261,16.5,-23.36,0.14,1.1,1.37
NGC4421,186.760620,15.461305,0,0,1,1603,16.5,-22.30,0.11,-0.3,1.55
NGC4424,186.798264,9.420519,0,0,1,437,16.5,-22.00,0.09,1.0,1.54
NGC4430,186.859924,6.262640,0,0,1,1451,16.5,-21.74,0.08,3.4,1.69
NGC4438,186.940216,13.008590,0,0,1,71,16.5,-23.83,0.12,0.6,1.75
NGC4440,186.973221,12.293191,0,0,1,724,16.5,-22.19,0.12,1.1,1.26
NGC4450,187.123474,17.084949,0,2,1,1954,19.5,-24.41,0.12,2.4,1.80
NGC4457,187.245880,3.570607,0,0,1,882,16.5,-23.32,0.09,0.4,1.32
NGC4469,187.366653,8.750175,0,0,1,587,16.5,-23.06,0.09,0.2,1.57
NGC4488,187.714157,8.360130,0,0,1,972,16.5,-21.69,0.09,0.0,1.50
NGC4492,187.748962,8.077909,0,0,1,1740,16.5,-22.02,0.11,1.0,1.53
NGC4501,187.996735,14.420410,0,3,1,2281,15.3,-24.67,0.16,3.4,1.84
NGC4519,188.376160,8.654460,0,0,1,1216,16.5,-21.54,0.09,6.9,1.59
NGC4527,188.535400,2.653810,0,14,0,1736,14.1,-23.81,0.09,4.0,1.68
NGC4531,188.566025,13.075527,1,1,1,195,14.8,-22.11,0.18,-0.5,1.63
NGC4532,188.580536,6.467703,0,0,1,2012,16.5,-21.61,0.09,9.7,1.41
NGC4535,188.584625,8.197760,0,20,1,1964,15.8,-23.61,0.08,5.0,1.98
NGC4536,188.613037,2.187880,0,42,1,1808,14.9,-23.36,0.08,4.3,1.84
NGC4539,188.644836,18.202579,0,0,1,1397,16.5,-21.65,0.10,0.7,1.58
NGC4540,188.711945,15.551446,0,0,1,1286,16.5,-21.86,0.15,6.1,1.53
NGC4548,188.860123,14.496320,1,23,1,486,18.7,-24.26,0.17,3.1,1.93
NGC4565,189.086685,25.987391,1,7,0,1230,17.0,-25.10,0.07,3.2,1.87
NGC4567,189.136261,11.257870,0,0,1,2247,16.5,-22.80,0.14,4.0,1.74
NGC4568,189.142883,11.238630,0,0,1,2255,16.5,-23.58,0.14,4.1,1.66
NGC4569,189.207565,13.162870,0,0,1,-235,16.5,-24.52,0.20,2.4,1.95
NGC4571,189.234879,14.217357,0,0,1,342,16.5,-22.59,0.20,6.4,1.87
NGC4579,189.431656,11.818090,0,0,1,1517,16.5,-24.62,0.18,2.8,1.81
NGC4580,189.451660,5.368432,0,0,1,1034,16.5,-22.32,0.10,1.6,1.52
NGC4586,189.618484,4.319099,0,0,1,794,16.5,-22.63,0.16,0.9,1.64
NGC4606,190.239822,11.912186,0,0,1,1640,16.5,-21.93,0.14,0.5,1.54
NGC4607,190.301697,11.886627,0,0,1,2270,16.5,-21.51,0.14,3.4,1.38
NGC4631,190.533371,32.541512,0,3,0,606,7.1,-22.80,0.07,6.5,2.03
NGC4634,190.670776,14.295874,0,0,1,297,16.5,-21.84,0.12,5.9,1.35
NGC4647,190.884583,11.581944,0,0,1,1409,16.5,-23.05,0.11,5.2,1.68
NGC4653,190.962173,-0.561301,0,0,0,2631,38.6,-22.97,0.10,6.0,1.60
NGC4654,190.985992,13.126350,0,0,1,1046,16.5,-23.36,0.11,5.9,1.77
NGC4659,191.122391,13.498675,0,0,1,480,16.5,-21.84,0.11,0.0,1.36
NGC4666,191.286148,-0.461910,0,0,0,1529,26.4,-25.06,0.11,5.1,1.50
NGC4668,191.383333,-0.535833,0,0,0,1636,27.2,-21.60,0.11,7.5,1.35
NGC4689,191.939682,13.762688,0,0,1,1616,16.5,-23.13,0.10,4.7,1.98
NGC4698,192.095566,8.487244,0,0,1,1009,16.5,-23.53,0.11,1.4,1.61
NGC4746,192.980713,12.083027,0,0,1,1783,16.5,-21.60,0.16,3.0,1.22
NGC4808,193.953918,4.304094,0,0,1,759,16.5,-22.06,0.16,5.9,1.43
NGC4814,193.841431,58.343967,0,0,0,2517,39.8,-23.95,0.04,3.1,1.38
NGC4826,194.182068,21.682659,1,2,0,408,7.3,-24.00,0.18,2.3,1.92
NGC4845,194.505173,1.575580,0,0,0,1232,23.2,-24.04,0.09,2.3,1.59
NGC4866,194.863083,14.171050,0,0,1,1988,16.5,-23.18,0.12,-0.1,1.48
NGC4880,195.043884,12.483369,0,0,1,1377,16.5,-22.02,0.14,-1.5,1.71
NGC5016,198.027863,24.095051,0,0,0,2612,39.9,-23.29,0.06,4.4,1.39
NGC5169,202.041809,46.672138,0,0,0,2436,38.5,-21.86,0.16,4.1,1.40
NGC5194,202.469574,47.195259,0,8,0,463,7.6,-23.93,0.15,4.0,2.12
NGC5195,202.498291,47.266129,1,0,0,465,7.4,-23.12,0.15,0.7,1.80
NGC5289,206.286118,41.503304,0,0,0,2526,39.6,-23.25,0.04,2.0,1.03
NGC5290,206.329712,41.712337,0,0,0,2573,40.2,-24.59,0.03,4.0,1.36
NGC5297,206.598724,43.872040,0,0,0,2409,38.1,-24.02,0.06,4.9,1.54
NGC5311,207.233582,39.985245,0,0,0,2698,41.8,-23.86,0.06,-0.1,1.25
NGC5313,207.434814,39.984604,0,0,0,2538,39.7,-24.18,0.04,3.0,1.37
NGC5320,207.584915,41.366344,0,0,0,2619,40.8,-23.33,0.03,5.2,1.45
NGC5326,207.711304,39.574913,0,0,0,2520,39.4,-24.10,0.07,1.0,1.22
NGC5336,208.040604,43.242783,0,0,0,2336,37.1,-22.05,0.07,5.9,1.28
NGC5350,208.339935,40.363956,0,0,0,2321,36.8,-24.21,0.05,3.6,1.55
NGC5363,209.030182,5.254700,0,0,0,1139,19.3,-24.51,0.12,0.4,1.58
NGC5364,209.050018,5.014460,0,2,0,1241,18.3,-23.52,0.12,4.0,1.91
NGC5372,208.691681,58.666393,0,0,0,1717,29.2,-21.69,0.04,0.0,0.98
NGC5383,209.270752,41.846001,0,0,0,2270,36.2,-24.26,0.03,3.1,1.65
NGC5389,209.026520,59.741985,0,0,0,1842,30.9,-23.84,0.09,-0.5,1.32
NGC5448,210.708633,49.172646,0,1,0,2023,34.8,-23.92,0.06,1.4,1.72
NGC5457,210.802429,54.348751,0,28,0,241,7.2,-23.77,0.04,6.0,2.50
NGC5480,211.589676,50.724998,0,0,0,1856,31.0,-23.00,0.08,4.9,1.50
NGC5506,213.312088,-3.207560,0,0,0,1853,28.6,-24.11,0.26,1.3,1.46
NGC5520,213.094910,50.348434,0,0,0,1877,31.2,-22.51,0.08,3.1,1.08
NGC5566,215.083115,3.933590,0,0,0,1507,24.8,-24.59,0.13,1.5,1.53
NGC5577,215.304626,3.435767,0,0,0,1489,24.5,-22.21,0.18,3.8,1.52
NGC5587,215.544739,13.917938,0,0,0,2303,35.4,-23.07,0.10,-0.1,1.27
NGC5633,216.868271,46.146549,0,0,0,2334,37.2,-23.27,0.07,3.2,1.23
NGC5666,218.288239,10.510788,0,0,0,2221,34.1,-22.50,0.12,0.0,0.98
NGC5673,217.878845,49.958813,0,0,0,2082,33.9,-21.58,0.09,5.2,1.35
NGC5676,218.195221,49.457809,0,0,0,2114,34.4,-24.78,0.12,4.7,1.57
NGC5689,218.873627,48.741493,0,0,0,2160,35.0,-24.33,0.15,0.4,1.27
NGC5691,219.472244,-0.398871,0,0,0,1870,28.9,-22.34,0.16,1.2,1.31
NGC5701,219.796005,5.363602,0,0,0,1505,24.6,-23.83,0.16,-0.4,1.63
NGC5714,219.548096,46.638359,0,0,0,2237,35.9,-22.81,0.06,5.8,1.29
NGC5719,220.234970,-0.318193,0,0,0,1733,27.1,-23.94,0.17,2.4,1.27
NGC5746,221.233353,1.954740,0,0,0,1724,27.1,-25.30,0.17,3.0,1.82
NGC5750,221.546265,-0.223054,0,0,0,1687,26.5,-23.69,0.19,0.4,1.52
NGC5768,223.033112,-2.529713,0,0,0,1962,29.8,-22.68,0.39,5.3,1.40
NGC5775,223.490219,3.544473,0,0,0,1681,26.6,-24.38,0.18,5.2,1.52
NGC5792,224.594620,-1.091080,0,0,0,1922,29.4,-24.65,0.25,3.0,1.63
NGC5899,228.763550,42.049854,0,0,0,2562,40.1,-24.45,0.15,5.3,1.49
NGC5900,228.770905,42.209854,0,0,0,2511,39.5,-23.56,0.11,3.0,1.05
NGC5907,228.973694,56.328850,0,0,0,667,14.2,-24.00,0.05,5.4,1.98
NGC5913,230.230988,-2.578036,0,0,0,2004,30.2,-23.37,0.94,1.0,1.40
NGC5930,231.533279,41.676090,0,0,0,2616,40.8,-24.13,0.10,2.3,1.44
NGC5937,232.692230,-2.829532,0,0,0,2807,40.9,-24.08,0.77,3.1,1.35
NGC5950,232.878433,40.430145,0,0,0,2597,40.5,-22.03,0.12,3.1,1.33
NGC5953,233.635010,15.193833,0,0,0,1965,30.9,-23.31,0.21,0.2,1.20
NGC5954,233.645833,15.200000,0,0,0,1959,30.8,-22.46,0.21,6.0,1.29
NGC5956,233.743774,11.750359,0,0,0,1899,29.8,-22.52,0.21,5.9,1.16
NGC5962,234.131851,16.607893,0,0,0,1957,30.9,-23.93,0.23,5.1,1.45
NGC6570,272.780396,14.093122,0,0,0,2281,34.7,-22.88,0.57,8.8,1.35
NGC7331,339.267090,34.415920,1,22,0,816,12.8,-24.54,0.40,3.9,1.79
NGC7448,345.014954,15.980365,0,2,0,2194,29.3,-23.34,0.24,5.0,1.38
NGC7537,348.643738,4.498339,0,2,0,2674,31.5,-22.31,0.29,3.6,1.15
NGC7541,348.682739,4.533899,0,5,0,2689,31.3,-24.15,0.29,4.7,1.48
NGC7732,355.391052,3.724953,0,0,0,2907,41.2,-22.31,0.23,6.7,1.43
NGC7750,356.657715,3.799756,0,0,0,2938,41.6,-23.06,0.22,5.5,1.33
NGC7757,357.189667,4.171108,0,0,0,2956,41.9,-22.22,0.19,5.3,1.47
PGC026857,141.978348,44.506252,0,0,0,2670,40.6,-21.52,0.10,0.0,1.09
PGC047559,202.907074,46.150974,0,0,0,2635,41.1,-22.32,0.07,0.0,1.14
PGC049002,207.188080,41.709625,0,0,0,2695,41.8,-21.69,0.04,0.0,0.91
PGC049142,207.672974,40.279335,0,0,0,2318,36.8,-21.52,0.03,0.0,1.05
PGC051697,217.097168,-3.604455,0,0,0,2768,40.3,-22.13,0.39,2.7,1.27
PGC054944,230.833893,-4.151604,0,0,0,2009,30.2,-22.27,0.49,1.6,1.39
UGC04306,124.403191,35.445976,0,0,0,2400,36.1,-22.48,0.30,1.5,0.97
UGC04550,130.816666,13.085848,0,0,0,2067,30.3,-21.55,0.21,3.2,1.17
UGC04559,131.031708,30.119106,0,0,0,2085,31.7,-22.49,0.27,2.1,1.14
UGC04982,140.762833,44.554878,0,0,0,2658,40.4,-22.21,0.09,8.0,1.15
UGC05049,142.230713,49.238419,0,0,0,2723,41.6,-22.24,0.06,5.9,1.16
UGC05897,161.922653,11.077123,0,0,0,2718,39.8,-22.75,0.13,5.2,1.56
UGC06023,163.586914,27.239655,0,0,0,1334,23.3,-21.62,0.09,6.6,1.37
UGC06545,173.433333,32.633611,0,0,0,2619,40.0,-22.36,0.12,3.3,1.20
UGC08040,193.681351,58.776520,0,0,0,2515,39.8,-21.92,0.04,4.2,0.99
UGC08603,204.140350,44.599228,0,0,0,2601,40.6,-22.12,0.07,2.0,0.87
UGC08684,205.566315,60.776775,0,0,0,2195,35.6,-22.08,0.08,6.0,1.39
UGC09858,231.672836,40.564400,0,0,0,2621,40.9,-23.14,0.07,4.0,1.24
