#NAME,RA,DEC,SBF,NED_D,VIRGO,VHel,D,M_K,A_B,T-type,log_RE,DA
IC0598,153.202423,43.145546,0,0,0,2256,35.3,-22.60,0.06,-0.1,1.02,97.3605553632
IC0719,175.077042,9.009861,0,0,0,1833,29.4,-22.70,0.22,-2.0,1.10,116.885100391
IC3631,189.950195,12.973927,0,0,0,2822,42.0,-22.01,0.17,-1.3,1.13,81.8356518962
NGC0448,18.818876,-1.626105,1,1,0,1908,29.5,-23.02,0.26,-2.5,1.05,116.489183455
NGC0524,21.198778,9.538793,1,10,0,2403,23.3,-24.71,0.36,-1.2,1.64,147.452288891
NGC0525,21.220442,9.703240,0,0,0,2139,30.7,-21.86,0.38,-2.0,1.06,111.93914351
NGC0661,26.060976,28.705988,0,1,0,3815,30.6,-23.19,0.30,-4.4,1.12,112.304697917
NGC0821,32.088123,10.994870,1,4,0,1718,23.4,-23.99,0.48,-4.8,1.60,146.822918539
NGC0936,36.906090,-1.156280,1,4,0,1429,22.4,-24.85,0.15,-1.2,1.72,153.369004715
NGC1023,40.100052,39.063251,1,8,0,602,11.1,-24.01,0.26,-2.7,1.68,308.873089448
NGC1121,42.663387,-1.734040,0,0,0,2558,35.3,-22.70,0.29,-1.8,0.87,97.3605553632
NGC1222,47.236446,-2.955212,0,0,0,2422,33.3,-22.71,0.26,-3.0,1.10,103.204622817
NGC1266,49.003120,-2.427370,0,0,0,2170,29.9,-22.93,0.43,-2.1,1.31,114.931968558
NGC2481,119.307182,23.767693,0,0,0,2157,32.0,-23.38,0.28,0.4,1.02,107.394636495
NGC2549,124.743111,57.803108,1,1,0,1051,12.3,-22.43,0.28,-2.0,1.28,278.878241483
NGC2592,126.783669,25.970339,1,1,0,1979,25.0,-22.88,0.25,-4.8,1.09,137.436602558
NGC2594,126.821609,25.878935,0,0,0,2362,35.1,-22.36,0.24,0.0,0.82,97.9150172296
NGC2685,133.894791,58.734409,0,0,0,875,16.7,-22.78,0.27,-1.0,1.41,205.607589437
NGC2695,133.612778,-3.067101,1,3,0,1833,31.5,-23.64,0.08,-2.1,1.21,109.098177867
NGC2764,137.072983,21.443447,0,0,0,2706,39.6,-23.19,0.17,-2.0,1.09,86.7933411944
NGC2778,138.101639,35.027424,1,1,0,2025,22.3,-22.23,0.09,-4.8,1.20,154.055839751
NGC2824,139.759277,26.269999,0,0,0,2758,40.7,-22.93,0.14,-2.0,0.86,84.44853189
NGC2859,141.077286,34.513378,0,0,0,1690,27.0,-24.13,0.09,-1.2,1.43,127.2657838
NGC2950,145.646317,58.851219,1,1,0,1322,14.5,-22.93,0.07,-2.0,1.19,236.711173742
NGC2962,145.224609,5.165820,0,3,0,1967,34.0,-24.01,0.25,-1.1,1.39,101.081059074
NGC2974,145.638611,-3.699116,1,3,0,1887,20.9,-23.62,0.23,-4.2,1.58,164.360143315
NGC3073,150.216843,55.618935,1,1,0,1173,32.8,-21.78,0.05,-2.8,1.13,104.776897217
NGC3098,150.569458,24.711092,0,0,0,1397,23.0,-22.72,0.16,-1.5,1.12,149.37317532
NGC3182,154.887558,58.205818,0,0,0,2118,34.0,-23.19,0.05,0.4,1.32,101.081059074
NGC3193,154.603683,21.893978,1,3,0,1381,33.1,-24.63,0.11,-4.8,1.42,103.827837692
NGC3230,155.933090,12.567883,0,0,0,2795,40.8,-24.18,0.16,-1.8,1.26,84.2416331463
NGC3245,156.826523,28.507435,1,1,0,1326,20.3,-23.69,0.11,-2.1,1.40,169.210348347
NGC3522,166.668549,20.085621,0,1,0,1228,25.5,-21.67,0.10,-4.9,1.01,134.744553954
NGC3595,168.856461,47.447147,0,0,0,2177,34.7,-23.28,0.09,-3.3,1.15,99.0430996754
NGC3610,169.605316,58.786247,1,4,0,1707,20.8,-23.69,0.04,-4.2,1.20,165.149124016
NGC3694,172.225571,35.413857,0,0,0,2243,35.2,-22.35,0.10,-5.0,1.02,97.6369993436
NGC3941,178.230667,36.986378,1,2,0,930,11.9,-23.06,0.09,-2.0,1.40,288.209145544
NGC4078,181.198456,10.595537,0,0,0,2546,38.1,-22.99,0.11,-2.0,0.92,90.2088631711
NGC4168,183.071808,13.205354,0,1,0,2286,30.9,-24.03,0.16,-4.8,1.48,111.215125372
NGC4233,184.282043,7.624434,0,1,0,2306,33.9,-23.88,0.10,-2.0,1.19,101.3790607
NGC4251,184.534607,28.175299,1,1,0,1066,19.1,-23.68,0.10,-1.9,1.29,179.822554817
NGC4521,188.198853,63.939293,0,0,0,2511,39.7,-23.92,0.08,-0.1,1.21,86.5748107094
NGC4690,191.981323,-1.655975,0,0,0,2765,40.2,-22.96,0.13,-3.0,1.25,85.4984563509
NGC4697,192.149612,-5.800850,1,8,0,1252,11.4,-23.93,0.13,-4.4,1.79,300.786825302
NGC4803,193.890289,8.240547,0,0,0,2645,39.4,-22.28,0.13,0.0,0.94,87.2337279065
NGC5103,200.125229,43.084015,0,0,0,1273,23.4,-22.36,0.08,0.0,1.02,146.822918539
NGC5273,205.534943,35.654240,1,2,0,1085,16.1,-22.37,0.04,-1.9,1.57,213.250694132
NGC5473,211.180176,54.892620,0,0,0,2022,33.2,-24.25,0.05,-2.7,1.32,103.515292528
NGC5475,211.301437,55.741802,0,0,0,1671,28.6,-22.88,0.05,1.0,1.22,120.15198791
NGC5481,211.671722,50.723320,0,2,0,1989,25.8,-22.68,0.08,-3.9,1.35,133.179333192
NGC5485,211.797134,55.001518,1,3,0,1927,25.2,-23.61,0.07,-2.0,1.45,136.346983967
NGC5493,212.872421,-5.043663,0,0,0,2665,38.8,-24.49,0.15,-2.1,1.14,88.5821105888
NGC5557,214.607117,36.493690,0,3,0,3219,38.8,-24.87,0.03,-4.8,1.46,88.5821105888
NGC5582,215.179703,39.693584,1,3,0,1430,27.7,-23.28,0.06,-4.9,1.44,124.052508277
NGC5611,216.019897,33.047501,1,1,0,1968,24.5,-22.20,0.05,-1.9,1.00,140.238351547
NGC5770,223.312653,3.959721,1,1,0,1471,18.5,-22.15,0.17,-2.0,1.23,185.643483535
NGC5813,225.296936,1.701970,1,4,0,1956,31.3,-25.09,0.25,-4.8,1.76,109.79481837
NGC6010,238.579773,0.543033,0,0,0,2022,30.6,-23.53,0.45,0.4,1.16,112.304697917
NGC6014,238.989105,5.931838,0,0,0,2381,35.8,-22.99,0.22,-1.9,1.35,96.0014829089
NGC6017,239.314529,5.998364,1,1,0,1788,29.0,-22.52,0.23,-5.0,0.85,118.496040653
NGC6278,255.209763,23.010956,0,0,0,2832,42.9,-24.19,0.27,-1.9,1.22,80.1194483036
NGC6547,271.291748,25.232645,0,0,0,2677,40.8,-23.60,0.50,-1.3,1.06,84.2416331463
NGC6548,271.496826,18.587217,1,1,0,2208,22.4,-23.19,0.35,-1.9,1.35,153.369004715
NGC6703,281.828522,45.550648,1,4,0,2373,25.9,-23.85,0.37,-2.8,1.34,132.66563863
NGC6798,291.013306,53.624752,0,0,0,2360,37.5,-23.52,0.57,-2.0,1.23,91.6515265328
NGC7280,336.614899,16.148266,1,2,0,1845,23.7,-22.83,0.24,-1.3,1.33,144.966617141
NGC7332,339.352173,23.798351,1,1,0,1197,22.4,-23.75,0.16,-1.9,1.24,153.369004715
NGC7454,345.277130,16.388371,1,3,0,2020,23.2,-23.00,0.33,-4.7,1.41,148.08707483
NGC7693,353.293671,-1.292010,0,0,0,2502,35.4,-21.58,0.15,-1.0,1.11,97.0856719642
NGC7710,353.942261,-2.880941,0,0,0,2407,34.0,-21.99,0.15,-1.9,0.92,101.081059074
PGC042549,190.316513,-5.009177,0,0,0,2822,40.7,-22.71,0.11,-5.0,1.06,84.44853189
PGC044433,194.578110,13.391409,0,0,0,2675,40.1,-22.25,0.13,0.0,0.71,85.7115812202
PGC050395,211.913544,54.794575,0,0,0,2322,37.2,-21.92,0.05,0.0,1.04,92.3902973174
PGC056772,240.548340,7.085953,0,0,0,2655,39.5,-22.06,0.19,-2.0,0.93,87.012977456
PGC058114,246.517838,2.906550,0,0,0,1507,23.8,-21.57,0.29,-2.0,0.97,144.358230999
PGC061468,272.360748,19.117682,0,0,0,2371,36.2,-21.68,0.35,0.0,1.06,94.9412353571
PGC071531,352.121338,19.863962,0,0,0,2030,30.4,-21.74,0.53,-4.0,0.88,113.043013866
PGC170172,176.731720,-5.187745,0,0,0,2562,37.1,-21.89,0.08,-5.0,0.89,92.6392073879
UGC03960,115.094856,23.275089,0,0,0,2255,33.2,-21.89,0.20,-4.9,1.24,103.515292528
UGC04551,131.024582,49.793968,0,0,0,1728,28.0,-22.92,0.10,-2.0,1.03,122.724509333
UGC05408,150.966095,59.436138,0,0,0,2998,45.8,-22.03,0.06,-3.3,0.84,75.0480488859
UGC06062,164.656662,9.050468,0,0,0,2634,38.7,-22.82,0.13,-2.0,1.05,88.8109032337
UGC06176,166.852753,21.657185,0,0,0,2677,40.1,-22.66,0.08,-2.0,1.03,85.7115812202
UGC08876,209.241943,45.973179,0,0,0,2085,33.9,-22.37,0.04,-0.1,0.93,101.3790607
UGC09519,221.588028,34.370651,0,0,0,1631,27.6,-21.98,0.09,-1.9,0.87,124.501581685
IC0065,15.230966,47.681984,0,0,0,2614,39.7,-23.54,0.64,4.0,1.38,86.5748107094
IC0239,39.116250,38.970000,0,0,0,903,15.7,-22.23,0.31,6.0,1.90,218.669370766
IC0750,179.717606,42.722404,0,1,0,701,36.8,-24.71,0.09,2.1,1.24,93.3940482804
IC0777,184.849228,28.309881,0,0,0,2541,39.0,-21.92,0.10,2.6,0.95,88.1280428631
IC0800,188.486313,15.354542,0,0,0,2326,35.8,-22.20,0.16,5.2,1.56,96.0014829089
IC0851,197.143127,21.049742,0,0,0,2615,39.8,-21.82,0.15,3.1,1.31,86.3573776729
IC0902,204.005051,49.960720,0,0,0,1618,27.9,-21.81,0.05,3.1,1.18,123.164006489
IC1151,239.634705,17.441553,0,0,0,2169,33.7,-22.24,0.16,5.2,1.35,101.980364975
IC1158,240.391968,1.707832,0,0,0,1927,29.4,-22.15,0.49,5.1,1.45,116.885100391
IC1265,264.164398,42.088383,0,0,0,2169,34.7,-21.71,0.14,2.0,1.26,99.0430996754
IC1447,337.499146,-5.119929,0,0,0,2953,41.6,-22.87,0.24,3.1,1.43,82.6222316264
IC1596,13.678428,21.522646,0,0,0,2674,38.9,-21.54,0.21,2.0,1.13,88.3544934768
IC1711,22.730280,17.188482,0,0,0,2801,40.2,-23.52,0.45,3.0,1.10,85.4984563509
IC2166,96.731789,59.080109,0,0,0,2692,41.1,-23.81,0.44,4.7,1.59,83.6269741598
IC2327,125.366501,3.169287,0,0,0,2684,37.8,-21.96,0.11,1.1,1.06,90.9244740013
IC2461,139.991791,37.191048,0,0,0,2260,34.7,-22.65,0.05,3.2,1.07,99.0430996754
IC4582,236.414215,28.088715,0,0,0,2145,34.0,-22.09,0.13,4.1,0.97,101.081059074
IC5334,353.651733,-4.534227,0,0,0,2209,31.1,-22.50,0.18,2.7,1.04,110.500409685
NGC0063,4.439690,11.450358,1,1,0,1160,18.2,-22.08,0.48,-3.0,1.34,188.697447882
NGC0278,13.017918,47.550537,0,0,0,627,12.8,-22.77,0.62,2.9,1.42,268.029543683
NGC0428,18.232122,0.981581,0,0,0,1152,16.7,-21.74,0.12,8.6,1.69,205.607589437
NGC0473,19.979469,16.544645,0,0,0,2134,31.1,-22.93,0.39,-0.3,1.23,110.500409685
NGC0493,20.537439,0.945335,0,0,0,2338,32.8,-22.32,0.14,5.9,1.50,104.776897217
NGC0514,21.016270,12.917349,0,1,0,2472,34.4,-23.55,0.17,5.3,1.72,99.9063634862
NGC0573,22.705626,41.257317,0,0,0,2788,41.6,-22.03,0.22,0.0,1.02,82.6222316264
NGC0620,24.248648,42.323357,0,0,0,2507,37.8,-21.90,0.29,7.0,1.26,90.9244740013
NGC0628,24.174049,15.783460,0,3,0,657,7.2,-22.47,0.30,5.2,2.15,474.429762178
NGC0660,25.759790,13.645680,0,0,0,850,13.5,-23.33,0.28,1.2,1.84,254.183687944
NGC0678,27.353580,21.997299,0,0,0,2835,40.9,-24.39,0.37,3.0,1.29,84.0357455264
NGC0693,27.628531,6.145210,0,0,0,1567,22.5,-22.56,0.23,0.2,1.21,152.688262789
NGC0718,28.305481,4.195917,0,0,0,1733,24.6,-23.23,0.16,1.0,1.37,139.668905342
NGC0779,29.927605,-5.964152,0,2,0,1362,23.0,-23.75,0.12,3.0,1.47,149.37317532
NGC0803,30.936255,16.030960,0,0,0,2101,30.4,-22.61,0.22,5.3,1.44,113.043013866
NGC0864,33.865170,6.002620,0,0,0,1562,22.4,-23.24,0.21,5.1,1.92,153.369004715
NGC0891,35.639167,42.349167,1,6,0,528,8.1,-23.64,0.28,3.0,2.01,422.276445791
NGC0895,35.401958,-5.521394,0,1,0,2288,36.6,-23.42,0.11,6.0,1.66,93.9041451355
NGC0918,36.461667,18.496111,0,0,0,1507,22.5,-22.83,1.53,5.2,1.67,152.688262789
NGC0925,36.820469,33.578880,0,21,0,553,9.1,-21.95,0.33,7.0,2.15,376.26464697
NGC0955,37.637962,-1.108482,0,0,0,1487,20.8,-22.85,0.16,2.0,1.18,165.149124016
NGC1012,39.812347,30.151669,0,0,0,987,16.3,-21.77,0.63,0.0,1.47,210.640705816
NGC1015,39.548187,-1.318618,0,0,0,2629,36.3,-23.47,0.14,1.0,1.35,94.6798216753
NGC1032,39.848667,1.093801,0,0,0,2694,37.4,-24.50,0.16,0.4,1.37,91.8964675207
NGC1068,40.669880,-0.013290,0,2,0,1137,19.0,-25.62,0.14,3.0,1.52,180.767250251
NGC1073,40.919159,1.375870,0,0,0,1208,17.2,-22.22,0.17,5.3,1.94,199.644254504
NGC1090,41.641315,-0.247042,0,0,0,2760,38.2,-23.72,0.14,3.7,1.60,89.9728222787
NGC1134,43.422256,13.014126,0,1,0,3640,39.3,-24.22,0.70,3.0,1.35,87.455601044
NGC1253,48.537689,-2.822950,0,1,0,1713,16.0,-21.79,0.39,5.9,1.71,214.5800625
NGC1320,51.202942,-3.042299,0,0,0,2663,36.6,-23.47,0.20,1.1,1.15,93.9041451355
NGC1637,70.367622,-2.858040,0,8,0,717,9.9,-22.01,0.17,5.0,1.82,346.073333875
NGC1924,82.008209,-5.310648,0,1,0,2558,31.6,-23.20,0.46,4.0,1.35,108.753161131
NGC2273,102.536095,60.845695,0,1,0,1840,31.6,-24.04,0.30,1.0,1.42,108.753161131
NGC2273A,100.029358,60.080662,0,0,0,2100,33.2,-22.24,0.35,5.9,1.57,103.515292528
NGC2344,108.119598,47.166794,0,0,0,974,17.2,-21.95,0.45,4.4,1.51,199.644254504
NGC2365,110.593948,22.083260,0,1,0,2278,40.9,-24.07,0.25,1.0,1.45,84.0357455264
NGC2460,119.217789,60.349377,0,1,0,1442,40.2,-24.51,0.31,1.9,1.28,85.4984563509
NGC2644,130.382904,4.980223,0,0,0,1939,28.0,-21.89,0.16,4.6,1.25,122.724509333
NGC2681,133.386414,51.313709,1,1,0,692,16.7,-23.68,0.10,0.4,1.55,205.607589437
NGC2683,133.172272,33.421799,1,3,0,411,7.5,-23.06,0.14,3.0,1.75,455.678602115
NGC2690,133.158508,-2.603258,0,0,0,1607,23.1,-22.19,0.10,2.0,1.20,148.727346515
NGC2701,134.773834,53.771755,0,0,0,2326,36.3,-23.13,0.08,5.3,1.50,94.6798216753
NGC2710,134.951416,55.706440,0,0,0,2526,39.1,-22.52,0.10,3.0,1.31,87.9027498056
NGC2712,134.876907,44.914001,0,0,0,1815,29.0,-23.22,0.09,3.1,1.48,118.496040653
NGC2722,134.692398,-3.710102,0,0,0,2760,38.6,-22.52,0.07,4.2,1.22,89.0408805397
NGC2726,136.236908,59.932968,0,0,0,1518,25.7,-22.28,0.16,1.0,1.25,133.697019356
NGC2731,135.534973,8.301766,0,0,0,2583,37.0,-22.38,0.29,5.5,1.16,92.8894619387
NGC2735,135.660980,25.934587,0,0,0,2450,36.5,-23.01,0.17,3.0,0.99,94.1612882849
NGC2750,136.449554,25.437365,0,0,0,2674,39.4,-23.32,0.15,5.3,1.57,87.2337279065
NGC2753,136.784286,25.342352,0,0,0,2783,40.9,-21.90,0.15,0.0,1.13,84.0357455264
NGC2775,137.583801,7.037924,0,0,0,1354,20.5,-24.53,0.19,1.7,1.64,167.562141943
NGC2841,140.511063,50.976479,0,6,0,638,14.5,-24.75,0.07,3.0,1.90,236.711173742
NGC2844,140.450104,40.151218,0,0,0,1486,24.6,-22.06,0.08,0.6,1.08,139.668905342
NGC2893,142.570618,29.539986,0,0,0,1699,26.9,-21.85,0.10,0.4,0.97,127.738456252
NGC2903,143.042130,21.500830,0,5,0,556,8.9,-23.72,0.13,4.0,1.93,384.650401214
NGC2916,143.739868,21.705259,0,1,0,3730,40.6,-23.93,0.12,3.1,1.44,84.656449223
NGC2966,145.547852,4.673152,0,0,0,2044,30.0,-22.72,0.20,4.2,1.38,114.54914598
NGC3021,147.737976,33.553467,0,2,0,1541,31.5,-23.32,0.06,4.0,1.31,109.098177867
NGC3041,148.279770,16.677694,0,0,0,1408,22.5,-23.04,0.15,5.4,1.83,152.688262789
NGC3044,148.420349,1.579650,0,0,0,1289,19.5,-22.48,0.11,5.7,1.58,176.140406785
NGC3049,148.706879,9.271640,0,0,0,1455,22.7,-21.83,0.17,2.5,1.52,151.344737006
NGC3055,148.825195,4.270082,0,0,0,1805,27.0,-22.68,0.22,5.3,1.47,127.2657838
NGC3094,150.357986,15.769937,0,0,0,2404,35.6,-23.15,0.12,1.0,1.08,96.5405343628
NGC3169,153.562912,3.466120,0,0,0,1238,19.1,-24.13,0.13,1.2,1.61,179.822554817
NGC3184,154.570770,41.424381,0,2,0,592,11.3,-23.05,0.07,6.0,2.09,303.434911954
NGC3198,154.979126,45.549690,0,19,0,663,14.5,-23.03,0.05,5.2,1.89,236.711173742
NGC3246,156.674026,3.862108,0,0,0,2154,31.8,-21.80,0.16,7.9,1.45,108.069630943
NGC3254,157.333008,29.491440,0,1,0,1355,37.8,-24.09,0.09,4.0,1.62,90.9244740013
NGC3277,158.231079,28.511728,0,0,0,1408,23.9,-22.98,0.12,1.9,1.33,143.754927019
NGC3279,158.678299,11.197244,0,0,0,1394,22.9,-22.39,0.16,6.5,1.23,150.024633863
NGC3294,159.067780,37.324589,0,1,0,1586,29.5,-23.97,0.08,5.1,1.61,116.489183455
NGC3310,159.691071,53.503304,0,2,0,993,20.2,-22.92,0.10,4.0,1.20,170.046660978
NGC3320,159.902176,47.397964,0,0,0,2331,36.5,-22.72,0.09,5.8,1.31,94.1612882849
NGC3344,160.879791,24.922220,0,0,0,586,6.8,-21.72,0.14,4.0,1.96,501.953167442
NGC3359,161.653519,63.223640,0,1,0,1014,13.0,-21.95,0.04,5.2,1.88,263.9223213
NGC3370,161.766830,17.273697,0,13,0,1279,27.7,-22.80,0.13,5.1,1.38,124.052508277
NGC3380,162.050644,28.601772,0,0,0,1606,26.7,-22.22,0.11,1.0,1.30,128.694408224
NGC3423,162.809753,5.840101,0,0,0,1011,13.9,-22.18,0.13,6.0,1.80,246.894545894
NGC3437,163.148941,22.934116,0,1,0,1283,31.9,-23.65,0.08,5.3,1.32,107.731076773
NGC3445,163.647781,56.990685,0,0,0,2069,33.4,-22.01,0.03,8.9,1.49,102.895811732
NGC3448,163.663498,54.305229,0,0,0,1350,23.8,-22.42,0.05,0.2,1.44,144.358230999
NGC3471,164.787567,61.530453,0,0,0,2109,34.1,-23.08,0.05,1.0,1.26,100.784803751
NGC3485,165.009964,14.841549,0,0,0,1436,24.6,-22.50,0.09,3.1,1.59,139.668905342
NGC3486,165.099777,28.974819,0,0,0,681,8.6,-21.69,0.09,5.2,1.76,397.950876908
NGC3495,165.317368,3.628037,0,0,0,1130,17.2,-22.26,0.20,6.3,1.64,199.644254504
NGC3504,165.796631,27.972435,0,0,0,1534,26.1,-23.82,0.11,2.1,1.39,131.650041156
NGC3507,165.855820,18.135344,0,0,0,979,14.3,-22.41,0.11,3.1,1.75,240.011145631
NGC3521,166.452469,-0.035900,0,0,0,801,7.9,-23.72,0.25,4.0,1.78,432.855722352
NGC3547,167.483124,10.720738,0,0,0,1579,26.3,-21.66,0.10,3.2,1.33,130.64986756
NGC3556,167.879028,55.674122,0,2,0,699,11.9,-23.34,0.07,6.0,1.94,288.209145544
NGC3583,168.545746,48.318378,0,1,0,2136,31.6,-24.13,0.06,3.1,1.45,108.753161131
NGC3611,169.375656,4.555429,0,1,0,1585,39.3,-23.49,0.21,1.0,1.24,87.455601044
NGC3614,169.589142,45.748291,0,0,0,2333,36.7,-23.19,0.06,5.2,1.69,93.6484022687
NGC3629,170.132568,26.963408,0,0,0,1508,26.1,-21.60,0.08,5.9,1.54,131.650041156
NGC3633,170.109222,3.585485,0,0,0,2600,38.0,-23.05,0.27,1.0,1.05,90.4461455265
NGC3675,171.535767,43.585918,0,2,0,770,20.9,-24.75,0.09,3.0,1.76,164.360143315
NGC3679,171.535828,-5.585975,0,0,0,2765,39.5,-21.89,0.18,3.7,1.11,87.012977456
NGC3687,172.002365,29.511044,0,0,0,2507,38.4,-23.25,0.10,3.8,1.38,89.5044261224
NGC3705,172.531067,9.276630,0,2,0,1018,23.6,-23.96,0.20,2.4,1.57,145.580149896
NGC3835,176.020309,60.119682,0,0,0,2466,39.0,-23.41,0.08,2.0,1.26,88.1280428631
NGC3888,176.893051,55.967258,0,1,0,2408,41.5,-23.84,0.05,5.3,1.32,82.8212444067
NGC3976,178.990143,6.750834,0,0,0,2497,37.2,-23.20,0.05,3.2,1.36,92.3902973174
NGC4030,180.098511,-1.099963,0,3,0,1465,31.0,-25.14,0.12,4.0,1.61,110.85661596
NGC4045,180.676086,1.976771,0,0,0,1981,30.7,-23.69,0.10,1.3,1.36,111.93914351
NGC4062,181.015976,31.895815,0,0,0,769,9.8,-21.75,0.11,5.3,1.72,349.580521773
NGC4067,181.048157,10.854354,0,0,0,2415,36.5,-22.91,0.11,3.1,1.20,94.1612882849
NGC4096,181.504837,47.478359,0,0,0,566,9.6,-22.12,0.08,5.3,1.77,356.811783238
NGC4158,182.792358,20.175770,0,0,0,2458,37.6,-23.14,0.14,3.1,1.29,91.4078874991
NGC4162,182.968613,24.123682,0,1,0,2569,26.8,-22.79,0.16,4.0,1.36,128.214651225
NGC4257,184.776993,5.725926,0,0,0,2756,40.5,-22.34,0.09,1.7,1.05,84.8653926841
NGC4348,185.974838,-3.442911,0,0,0,2005,30.6,-23.53,0.16,4.2,1.29,112.304697917
NGC4388,186.445084,12.662070,0,0,0,2524,38.0,-24.91,0.14,2.8,1.61,90.4461455265
NGC4414,186.612869,31.223545,0,24,0,716,17.9,-24.33,0.08,5.2,1.52,191.853466431
NGC4454,187.211441,-1.939140,0,0,0,2407,35.6,-23.72,0.11,0.1,1.54,96.5405343628
NGC4470,187.407501,7.824057,0,0,0,2341,35.5,-22.64,0.10,1.4,1.34,96.8123359729
NGC4480,187.611588,4.246471,0,0,0,2439,36.4,-23.07,0.10,5.0,1.47,94.4198432462
NGC4525,188.463303,30.277517,0,0,0,1172,23.0,-21.83,0.10,5.9,1.62,149.37317532
NGC4559,188.990372,27.959761,0,0,0,816,9.0,-22.20,0.08,6.0,1.98,380.411504755
NGC4591,189.801834,6.012214,0,0,0,2422,36.4,-22.58,0.09,2.3,1.22,94.4198432462
NGC4602,190.153534,-5.133010,0,1,0,2539,34.5,-24.16,0.10,4.2,1.59,99.616942139
NGC4604,190.187241,-5.302535,0,0,0,2658,38.5,-21.54,0.10,10.0,1.10,89.2720517297
NGC4651,190.927612,16.393396,0,2,0,805,24.1,-23.90,0.12,5.2,1.56,142.56331308
NGC4691,192.056961,-3.332918,0,0,0,1110,16.0,-22.50,0.12,0.3,1.42,214.5800625
NGC4725,192.610886,25.500759,1,21,0,1206,12.9,-24.38,0.05,2.2,2.02,265.960108121
NGC4736,192.721451,41.120152,1,4,0,308,5.1,-23.42,0.08,2.4,1.66,665.623380693
NGC4747,192.941513,25.777317,0,0,0,1190,24.3,-21.64,0.05,7.2,1.42,141.391280747
NGC4771,193.338638,1.269171,0,0,0,1134,18.6,-22.35,0.09,6.3,1.52,184.647323965
NGC4772,193.371552,2.168344,0,1,0,1040,28.3,-23.91,0.12,1.1,1.47,121.424630354
NGC4779,193.461929,9.709920,0,0,0,2831,41.9,-23.25,0.09,4.6,1.39,82.0308896726
NGC4791,193.683075,8.053164,0,0,0,2529,37.9,-21.56,0.14,0.0,1.03,90.6846791627
NGC4793,193.669174,28.938766,0,0,0,2484,38.5,-24.04,0.05,5.1,1.51,89.2720517297
NGC4799,193.814758,2.896605,0,0,0,2793,41.0,-23.18,0.15,4.9,1.01,83.8308616378
NGC4800,193.657394,46.531139,0,1,0,891,29.8,-24.08,0.07,3.0,1.31,115.317357536
NGC4904,195.244446,-0.027452,0,0,0,1189,20.8,-22.10,0.11,5.8,1.52,165.149124016
NGC4941,196.054764,-5.551620,0,1,0,1108,21.2,-23.43,0.16,2.4,1.69,162.037760244
NGC4961,196.448227,27.734110,0,0,0,2535,39.1,-22.12,0.05,5.6,1.21,87.9027498056
NGC5005,197.734634,37.058941,0,3,0,946,14.1,-24.31,0.06,4.0,1.63,243.404271678
NGC5014,197.879990,36.282120,0,0,0,1126,21.4,-21.54,0.03,1.4,1.09,160.525599362
NGC5033,198.364731,36.593651,0,3,0,875,17.6,-24.28,0.05,5.1,1.79,195.116736022
NGC5055,198.955536,42.029289,0,2,0,504,10.1,-24.43,0.08,4.0,2.02,339.265249358
NGC5089,199.913742,30.256323,0,0,0,2141,34.2,-21.81,0.05,3.9,1.26,100.490279432
NGC5117,200.735260,28.316532,0,0,0,2382,37.2,-21.52,0.07,5.7,1.35,92.3902973174
NGC5205,202.515381,62.511528,0,0,0,1766,29.9,-22.62,0.10,3.0,1.41,114.931968558
NGC5240,203.980103,35.588268,0,0,0,2234,35.5,-22.08,0.06,5.8,1.37,96.8123359729
NGC5248,204.383621,8.885060,0,0,0,1151,20.8,-24.34,0.11,4.0,1.81,165.149124016
NGC5301,206.602539,46.107407,0,0,0,1503,26.4,-23.00,0.08,4.7,1.38,130.155455384
NGC5303,206.937347,38.304531,0,0,0,1419,25.3,-21.79,0.06,4.8,1.13,135.80862473
NGC5334,208.226959,-1.114756,0,0,0,1386,23.1,-21.90,0.20,5.2,1.64,148.727346515
NGC5347,208.324387,33.490761,0,0,0,2335,36.8,-23.19,0.09,2.0,1.43,93.3940482804
NGC5356,208.743423,5.333607,0,0,0,1374,23.7,-22.25,0.11,3.8,1.41,144.966617141
NGC5371,208.916763,40.461769,0,2,0,2558,31.4,-24.88,0.04,4.0,1.84,109.445389943
NGC5375,209.233276,29.164293,0,0,0,2386,37.3,-23.62,0.09,2.4,1.45,92.1427209243
NGC5377,209.069458,47.235565,0,1,0,1793,31.0,-24.10,0.07,1.0,1.51,110.85661596
NGC5492,212.646622,19.612354,0,0,0,2271,35.3,-22.57,0.17,3.0,1.08,97.3605553632
NGC5496,212.907730,-1.158720,0,0,0,1541,24.8,-21.68,0.25,6.5,1.58,138.543767342
NGC5523,213.717957,25.317614,0,0,0,1039,18.9,-21.65,0.08,5.8,1.50,181.7219147
NGC5526,213.473862,57.771317,0,0,0,2004,33.0,-22.28,0.05,4.1,1.20,104.142275336
NGC5560,215.018738,3.992653,0,0,0,1729,27.6,-22.74,0.13,3.0,1.27,124.501581685
NGC5584,215.599213,-0.387449,0,0,0,1638,26.0,-22.14,0.17,6.0,1.65,132.155889706
NGC5602,215.578476,50.501423,0,0,0,2230,35.9,-23.19,0.09,1.0,1.21,95.7342077332
NGC5630,216.902420,41.257816,0,0,0,2655,41.3,-22.24,0.05,8.0,1.29,83.2221595068
NGC5645,217.664169,7.275004,0,0,0,1370,23.1,-22.14,0.12,6.6,1.58,148.727346515
NGC5661,217.989166,6.250472,0,0,0,2354,35.6,-21.56,0.14,3.2,1.12,96.5405343628
NGC5667,217.595367,59.469677,0,0,0,1943,32.2,-22.08,0.04,5.9,1.49,106.72801894
NGC5678,218.023270,57.921436,0,2,0,1922,30.0,-24.11,0.05,3.3,1.54,114.54914598
NGC5730,219.967453,42.742340,0,0,0,2533,39.8,-22.00,0.07,9.6,1.23,86.3573776729
NGC5740,221.101761,1.679692,0,1,0,1572,30.5,-23.56,0.16,3.0,1.46,112.672646837
NGC5777,222.824158,58.977810,0,0,0,2145,34.9,-23.41,0.05,3.2,1.13,98.4758287762
NGC5795,224.082840,49.400208,0,0,0,2366,37.7,-22.99,0.08,4.9,1.23,91.165540069
NGC5850,226.781982,1.544280,0,0,0,2556,37.9,-24.81,0.24,3.1,1.83,90.6846791627
NGC5894,227.920563,59.808823,0,0,0,2466,39.3,-23.92,0.05,8.0,1.42,87.455601044
NGC5921,230.485672,5.070540,0,0,0,1480,23.9,-23.81,0.17,4.0,1.75,143.754927019
NGC5951,233.429459,15.007294,0,0,0,1780,28.5,-22.24,0.21,5.2,1.51,120.573228781
NGC5958,233.704681,28.655119,0,0,0,2007,32.2,-22.14,0.11,4.6,1.29,106.72801894
NGC5961,233.818588,30.864090,0,0,0,1828,29.9,-21.67,0.12,2.5,1.05,114.931968558
NGC5981,234.469437,59.393959,0,0,0,1764,29.8,-23.03,0.11,4.3,1.22,115.317357536
NGC5985,234.904541,59.331951,0,0,0,2517,40.0,-24.86,0.07,3.0,1.77,85.9257710499
NGC6012,238.558105,14.601240,0,0,0,1854,29.3,-22.81,0.16,1.7,1.48,117.283716698
NGC6015,237.855133,62.310032,0,0,0,835,17.1,-22.70,0.05,6.0,1.70,200.809118504
NGC6063,241.804016,7.979009,0,3,0,2848,41.1,-22.54,0.20,5.9,1.39,83.6269741598
NGC6070,242.494522,0.709315,0,1,0,2004,26.8,-23.45,0.63,6.0,1.58,128.214651225
NGC6106,244.696701,7.411013,0,0,0,1448,23.3,-22.25,0.29,5.3,1.41,147.452288891
NGC6118,245.452591,-2.283422,0,0,0,1573,24.3,-23.28,0.68,6.0,1.73,141.391280747
NGC6155,246.534607,48.366920,0,0,0,2418,38.4,-22.96,0.06,5.4,1.35,89.5044261224
NGC6181,248.087372,19.826603,0,1,0,2375,35.0,-24.07,0.27,5.2,1.31,98.194622497
NGC6207,250.765625,36.832424,0,3,0,852,21.4,-22.53,0.07,4.9,1.40,160.525599362
NGC6339,259.277100,40.844959,0,0,0,2108,33.9,-21.69,0.13,6.4,1.38,101.3790607
NGC6368,261.798096,11.543621,0,0,0,2764,41.2,-23.94,0.66,3.1,1.37,83.4240758426
NGC6384,263.101257,7.060270,0,2,0,1665,18.5,-23.85,0.53,3.6,1.96,185.643483535
NGC6555,271.954865,17.604898,0,0,0,2225,34.2,-22.87,0.42,5.2,1.44,100.490279432
NGC6675,279.360321,40.057709,0,0,0,2495,38.9,-23.46,0.30,4.0,1.43,88.3544934768
NGC6757,286.263977,55.715137,0,0,0,2380,37.8,-22.78,0.31,0.0,1.50,90.9244740013
NGC6764,287.068115,50.933094,0,1,0,2416,37.4,-23.54,0.29,3.6,1.55,91.8964675207
NGC6796,290.378387,61.144833,0,0,0,2189,35.3,-23.58,0.30,4.0,1.28,97.3605553632
NGC7137,327.054321,22.159580,0,0,0,1686,26.3,-23.29,0.59,5.0,1.44,130.64986756
NGC7177,330.171875,17.738117,0,1,0,1150,20.5,-23.41,0.32,2.5,1.35,167.562141943
NGC7217,331.968201,31.359255,0,0,0,952,16.9,-24.34,0.38,2.5,1.69,203.180059727
NGC7241,333.957825,19.232361,0,0,0,1447,22.8,-22.83,0.23,4.0,1.38,150.68179603
NGC7328,339.372070,10.531584,0,0,0,2825,40.9,-23.45,0.36,2.1,1.35,84.0357455264
NGC7339,339.445374,23.786671,0,1,0,1313,17.0,-22.60,0.16,4.0,1.35,201.987639806
NGC7347,339.984009,11.027560,0,0,0,2239,32.9,-21.88,0.25,4.6,1.18,104.458622696
NGC7416,343.923767,-5.495346,0,0,0,2859,40.1,-23.79,0.19,3.0,1.40,85.7115812202
NGC7463,345.466583,15.981848,0,0,0,2341,34.5,-22.47,0.32,3.0,1.17,99.616942139
NGC7479,346.236115,12.322879,0,1,0,2381,31.1,-24.30,0.49,4.4,1.68,110.500409685
NGC7497,347.264282,18.177181,0,0,0,1708,26.0,-23.00,0.77,6.2,1.69,132.155889706
NGC7625,350.125549,17.225601,0,0,0,1633,24.8,-23.11,0.11,1.0,1.25,138.543767342
NGC7678,352.116211,22.421183,0,1,0,3489,35.3,-23.62,0.21,4.9,1.56,97.3605553632
NGC7694,353.315674,-2.702838,0,0,0,2281,32.2,-21.77,0.20,10.0,1.34,106.72801894
NGC7714,354.058746,2.155020,0,0,0,2798,39.6,-23.25,0.23,3.1,1.08,86.7933411944
NGC7716,354.131073,0.297313,0,0,0,2579,36.5,-23.51,0.15,3.0,1.37,94.1612882849
NGC7742,356.065460,10.767097,0,0,0,1663,24.7,-23.35,0.24,2.8,1.25,139.104062462
NGC7743,356.088043,9.934042,1,2,0,1710,20.1,-23.13,0.30,-0.9,1.59,170.891274683
NGC7814,0.812280,16.145229,1,4,0,1050,12.8,-23.47,0.19,2.0,1.61,268.029543683
PGC005363,21.638643,39.881031,0,0,0,2610,39.1,-21.81,0.25,0.0,1.04,87.9027498056
PGC009485,37.381905,-3.212962,0,0,0,2435,33.6,-22.42,0.12,0.0,1.23,102.28369914
PGC058798,250.512970,-5.032629,0,1,0,1565,22.6,-22.79,2.02,4.1,1.63,152.013533304
PGC069448,340.062988,-2.424036,0,0,0,2970,42.0,-22.36,0.23,3.9,1.43,81.8356518962
PGC2800919,323.974976,-3.148177,0,0,0,2873,40.9,-21.90,0.18,0.0,0.78,84.0357455264
UGC00260,6.762131,11.583811,0,0,0,2131,30.9,-22.12,0.33,5.8,1.19,111.215125372
UGC01551,30.906231,24.075525,0,0,0,2671,38.8,-21.70,0.40,6.1,1.51,88.5821105888
UGC02143,39.902344,36.081223,0,0,0,2754,40.6,-21.77,0.22,3.7,1.09,84.656449223
UGC02997,64.020348,8.180137,0,0,0,1592,22.7,-21.59,1.84,-0.1,1.12,151.344737006
UGC03045,66.673920,20.407866,0,0,0,1387,20.8,-22.02,2.53,5.0,1.09,165.149124016
UGC03053,67.040306,21.655323,0,0,0,2414,34.8,-23.00,1.95,5.9,1.26,98.7586498538
UGC03258,77.679207,0.408305,0,0,0,2821,38.9,-22.61,0.29,2.0,1.32,88.3544934768
UGC03685,107.274811,61.595520,0,0,0,1797,29.2,-22.88,0.25,3.0,1.55,117.685060066
UGC04621,132.549164,35.076431,0,0,0,2306,35.0,-22.31,0.17,1.0,1.16,98.194622497
UGC04824,137.889893,51.254295,0,0,0,2184,34.3,-21.52,0.08,6.4,1.26,100.197470992
UGC04906,139.416351,52.992760,0,0,0,2304,36.0,-23.38,0.06,1.1,1.24,95.4684162717
UGC05376,150.112793,3.374309,0,0,0,2054,30.2,-22.63,0.11,7.8,1.01,113.791098193
UGC05403,150.648163,19.177067,0,0,0,2082,31.7,-22.18,0.14,0.0,0.97,108.410318986
UGC05720,158.133148,54.400982,0,0,0,1430,24.8,-21.55,0.05,9.9,1.05,138.543767342
UGC06402,170.829742,-0.922440,0,0,0,2608,37.8,-21.67,0.19,8.0,1.02,90.9244740013
UGC06517,173.010040,36.698124,0,0,0,2491,38.5,-21.82,0.12,3.7,1.28,89.2720517297
UGC06879,178.604523,-2.319723,0,0,0,2388,35.1,-21.82,0.11,7.2,1.38,97.9150172296
UGC07179,182.741882,63.914570,0,0,0,2630,41.3,-23.33,0.08,0.0,1.19,83.2221595068
UGC08067,194.300690,-1.706808,0,0,0,2833,41.2,-22.66,0.08,3.6,1.28,83.4240758426
UGC08658,205.166290,54.333004,0,0,0,2029,33.3,-21.90,0.07,5.0,1.62,103.204622817
UGC08693,206.118393,35.192299,0,0,0,2438,38.2,-21.55,0.05,4.4,1.18,89.9728222787
UGC08756,207.649658,42.541439,0,0,0,1354,24.4,-21.60,0.06,1.3,1.03,140.812457549
UGC09665,225.385208,48.319904,0,0,0,2558,40.3,-22.77,0.10,4.0,1.11,85.2863885208
UGC09703,226.359467,46.565308,0,0,0,2471,39.1,-21.89,0.09,0.0,1.07,87.9027498056
UGC09741,227.139587,52.296146,0,0,0,2498,39.6,-21.65,0.10,3.0,1.16,86.7933411944
UGC09977,235.498138,0.713232,0,0,0,1915,29.2,-21.77,0.49,5.3,1.35,117.685060066
UGC10043,237.171616,21.869387,0,0,0,2161,33.8,-22.26,0.25,4.1,1.09,101.678824112
UGC10288,243.603348,-0.207540,0,0,0,2044,30.8,-23.10,0.58,5.3,1.50,111.575960325
UGC10743,257.878113,7.994538,0,2,0,2569,39.4,-22.66,0.69,1.0,1.07,87.2337279065
UGC10985,267.018494,14.741472,0,0,0,1801,28.3,-21.55,0.41,9.1,1.40,121.424630354
UGC12010,335.828033,5.533870,0,0,0,2797,40.2,-21.65,0.58,2.0,1.21,85.4984563509
UGC12074,338.276215,8.097454,0,0,0,1988,29.3,-21.67,0.67,0.0,1.09,117.283716698
UGC12300,345.154968,12.782273,0,0,0,2294,33.6,-22.12,0.80,0.9,1.13,102.28369914
UGC12518,350.053253,7.932117,0,0,0,2787,40.0,-22.59,0.49,3.0,1.09,85.9257710499
UGC12857,359.198029,1.355099,0,0,0,2477,35.1,-22.05,0.12,4.0,1.10,97.9150172296
