name	objID	ra	dec	run	rerun	camcol	field	type	modelMag_u	modelMag_g	modelMag_r	modelMag_i	modelMag_z
IC0598	1237660635994259485	153.20237184	43.14553824	3530	301	4	236	GALAXY	15.111335	13.487899	12.815198	12.454549	12.208678
IC0719	1237660612902125601	175.07710811	9.00988423	3525	301	1	134	GALAXY	15.12019	13.518131	12.702694	12.275531	11.964417
IC3631	1237661817632915494	189.95006942	12.97396901	3805	301	5	19	GALAXY	15.139513	13.850178	13.414719	13.154639	13.027324
NGC0448	1237657067403935758	18.81887478	-1.62623102	2699	301	5	93	GALAXY	14.899624	13.086327	12.282779	11.834913	11.559386
NGC0524	1237678833223335968	21.19892987	9.53889976	7767	301	3	76	GALAXY	13.485859	11.50663	10.470695	9.963035	9.547901
NGC0525	1237678906791690347	21.22050861	9.70338418	7784	301	4	336	GALAXY	15.879991	14.107666	13.278489	12.845289	12.503489
NGC0661	1237680285461184530	26.06084865	28.70587095	8105	301	4	107	GALAXY	14.647097	12.741787	11.89449	11.488396	11.191611
NGC0936	1237663275796463624	36.90609488	-1.15601701	4145	301	1	357	GALAXY	13.249393	11.30883	10.458772	10.015966	9.768208
NGC1121	1237678881039253588	42.6632954	-1.73407925	7778	301	4	601	GALAXY	15.865028	13.901467	13.030238	12.556109	12.267623
NGC2481	1237660343387816017	119.30728414	23.76782657	3462	301	3	56	GALAXY	15.189366	13.288498	12.364193	11.887409	11.586532
NGC2549	1237663917342392441	124.74305675	57.80315341	4294	301	4	131	GALAXY	13.966357	11.996771	11.163879	12.09905	10.433368
NGC2592	1237661086957568112	126.78353444	25.97030928	3635	301	4	110	GALAXY	14.920654	12.97249	12.118324	11.662604	11.35591
NGC2594	1237661086957568064	126.82149045	25.87882178	3635	301	4	110	GALAXY	15.833891	14.124875	13.269993	12.875339	12.553633
NGC2685	1237663529725788240	133.8944819	58.73453921	4204	301	2	195	GALAXY	13.845435	12.04392	11.203431	10.781576	10.508097
NGC2764	1237667254533554264	137.07277725	21.44334385	5071	301	4	155	GALAXY	14.512592	13.204214	12.537151	12.183823	11.865937
NGC2778	1237664871895924902	138.10154909	35.02754061	4516	301	6	86	GALAXY	14.949284	13.04832	12.247246	11.83532	11.59202
NGC2824	1237665128526643233	139.75925799	26.26997555	4576	301	4	184	GALAXY	15.539792	13.836289	13.031806	12.614717	12.337138
NGC2859	1237661384381366483	141.07719973	34.51354279	3704	301	6	69	GALAXY	13.724734	11.820252	11.018866	10.600831	10.328247
NGC2950	1237651250953715796	145.64628438	58.85135744	1345	301	3	234	GALAXY	13.482354	11.645201	10.903049	10.500616	10.230484
NGC2962	1237658423010525192	145.2247176	5.16581661	3015	301	2	208	GALAXY	14.892717	12.808988	11.882136	11.414547	11.090137
NGC3073	1237655108906582202	150.21691701	55.61889531	2243	301	5	211	GALAXY	15.056873	13.688142	13.214782	12.939793	12.763388
NGC3098	1237667210515906579	150.56954825	24.7110999	5061	301	2	243	GALAXY	14.491302	12.81308	12.044536	11.58267	11.315213
NGC3182	1237654381445972012	154.88760657	58.20579035	2074	301	2	203	GALAXY	14.876975	12.838597	12.061613	11.684641	11.472948
NGC3193	1237667541755625492	154.60382661	21.89398963	5138	301	3	96	GALAXY	13.47559	11.616833	10.80736	10.361294	10.140687
NGC3230	1237664105244327956	155.93318532	12.56782331	4338	301	2	87	GALAXY	14.882836	12.822851	11.827174	11.383973	11.148221
NGC3245	1237667287812341843	156.82669699	28.50743675	5079	301	2	45	GALAXY	13.585404	11.637381	10.751262	10.367764	10.041724
NGC3522	1237668294982631441	166.66858683	20.08553961	5313	301	6	52	GALAXY	15.196706	13.468513	12.752154	12.406537	12.20273
NGC3595	1237660637073113145	168.85643262	47.44707774	3530	301	6	314	GALAXY	14.701426	12.884051	12.094051	11.708941	11.428773
NGC3610	1237655107837624356	169.60528256	58.78635371	2243	301	3	284	GALAXY	13.026162	11.29935	10.608148	10.246354	10.040982
NGC3694	1237665026511142935	172.22553202	35.41400146	4552	301	6	31	GALAXY	15.037304	13.737044	13.037757	12.715091	12.428458
NGC3941	1237664337716641802	178.23067976	36.98635281	4392	301	3	197	GALAXY	12.838646	11.020838	10.235433	9.863973	9.601029
NGC4078	1237658493353590844	181.19852248	10.59564024	3031	301	5	406	GALAXY	15.335864	13.555272	12.743133	12.353935	12.089931
NGC4168	1237661950790598708	183.07194437	13.20519523	3836	301	5	228	GALAXY	13.751941	11.995796	11.228912	10.7979	10.470749
NGC4233	1237661971722141706	184.28205332	7.62434923	3841	301	4	130	GALAXY	14.514384	12.677794	11.748326	11.303196	10.926168
NGC4251	1237667444044660756	184.53472342	28.17536667	5115	301	5	89	GALAXY	13.794186	11.911778	11.108692	10.773756	10.571504
NGC4521	1237654874824114184	188.19845267	63.93929984	2189	301	1	108	GALAXY	14.848427	12.943957	12.086636	11.621285	11.28618
NGC4690	1237671763175211093	191.98132484	-1.65604212	6121	301	2	151	GALAXY	15.091983	13.415948	12.695269	12.321095	12.099768
NGC4803	1237661976551030866	193.89030509	8.24041642	3842	301	5	85	GALAXY	16.078354	14.287803	13.547981	13.171898	12.934887
NGC5103	1237661849863585864	200.12540506	43.0839366	3813	301	1	300	GALAXY	14.830728	13.020178	12.271246	11.87442	11.587136
NGC5273	1237664853103607848	205.5349208	35.65430705	4512	301	3	58	GALAXY	14.051247	11.980886	11.621901	11.278307	11.003783
NGC5473	1237661387604164667	211.18014292	54.89274254	3705	301	4	93	GALAXY	14.297632	12.279223	11.427726	10.991173	10.710233
NGC5475	1237661388677775409	211.30170015	55.74193681	3705	301	6	91	GALAXY	14.876013	13.058824	12.307342	11.90751	11.631166
NGC5481	1237659118248329304	211.67198958	50.72334651	3177	301	1	55	GALAXY	15.005783	13.187972	12.363056	11.920884	11.734975
NGC5485	1237661418212098088	211.79723868	55.00172537	3712	301	5	189	GALAXY	13.823193	11.908327	11.087216	10.637154	10.352855
NGC5557	1237662663206502409	214.60717328	36.49356309	4002	301	4	48	GALAXY	13.862667	12.032434	11.298112	10.742195	10.58189
NGC5582	1237661871339798578	215.17963465	39.69358604	3818	301	1	321	GALAXY	14.408402	12.577558	11.785237	11.371864	11.194329
NGC5611	1237662684145844282	216.01994481	33.04743243	4007	301	3	69	GALAXY	14.941756	13.208457	12.451678	12.094327	11.845889
NGC5770	1237651822712586281	223.31258303	3.95975037	1478	301	4	102	GALAXY	14.518442	12.752369	12.016454	11.644794	11.413
NGC5813	1237651736313659437	225.29681571	1.70199962	1458	301	3	671	GALAXY	13.803001	11.825428	10.940907	10.502897	10.175325
NGC6010	1237648705138130982	238.57983541	0.54304707	752	301	5	635	GALAXY	14.986281	13.016775	12.116999	11.620031	11.32616
NGC6014	1237662263790403746	238.98923904	5.93197754	3909	301	4	290	GALAXY	14.957797	13.443855	12.679929	12.300303	12.010256
NGC6017	1237662263790534889	239.31435795	5.99838244	3909	301	4	292	GALAXY	15.269351	13.537678	12.723543	12.28109	11.985038
NGC6278	1237662301379035160	255.20969194	23.01103597	3918	301	2	407	GALAXY	15.152901	13.109078	12.198632	11.766	11.436312
NGC7280	1237678602369171584	336.61493716	16.14817906	7713	301	5	81	GALAXY	14.534666	12.732992	11.930169	11.536927	11.334061
NGC7332	1237666246295552077	339.35224285	23.79829736	4836	301	6	240	GALAXY	13.623241	11.795071	11.076103	10.611414	10.414976
NGC7454	1237678601299034260	345.27714266	16.38844894	7713	301	3	136	GALAXY	14.415586	12.623625	11.81801	11.409775	11.135839
NGC7693	1237678882091433995	353.29378619	-1.29192003	7778	301	6	272	GALAXY	15.617518	14.123859	13.549274	13.24619	13.003546
NGC7710	1237678879944212544	353.94231777	-2.88093639	7778	301	2	276	GALAXY	16.064505	14.247782	13.420151	12.971923	12.666093
PGC042549	1237671267105112075	190.31654957	-5.00910936	6005	301	6	130	GALAXY	15.581337	13.877002	13.17579	12.79363	12.534487
PGC044433	1237661951332384823	194.57842183	13.39151457	3836	301	6	303	GALAXY	16.180468	14.289988	13.489577	13.098687	12.834397
PGC050395	1237661387604361236	211.91364892	54.79469253	3705	301	4	96	GALAXY	15.879783	14.243875	13.517755	13.16292	12.921853
PGC056772	1237661949741760535	240.54845635	7.08609934	3836	301	3	608	GALAXY	15.922502	14.377466	13.574735	13.160489	12.824018
PGC071531	1237680246811132005	352.12122146	19.86377679	8096	301	4	178	GALAXY	16.447033	14.494713	13.610777	13.208209	12.842834
UGC03960	1237657879148953915	115.09477141	23.27497433	2888	301	5	35	GALAXY	15.733265	14.058499	13.314546	12.915178	12.7234
UGC04551	1237654383586377814	131.02466753	49.7939812	2074	301	6	95	GALAXY	14.869908	13.098371	12.316741	11.880394	11.5859
UGC05408	1237651249881153539	150.96608728	59.43628771	1345	301	1	252	GALAXY	15.3048	14.343927	13.777642	13.582546	13.389351
UGC06062	1237658492272705620	164.65652278	9.05045224	3031	301	3	297	GALAXY	15.631052	13.784846	12.967974	12.576098	12.259548
UGC06176	1237667782827376706	166.85285147	21.65708172	5194	301	4	351	GALAXY	15.500149	14.009205	13.269883	12.873326	12.577032
UGC08876	1237661435926216778	209.24194268	45.97327772	3716	301	6	149	GALAXY	15.678419	13.844659	13.093685	12.67212	12.427938
UGC09519	1237662663209124003	221.58794693	34.37058643	4002	301	4	88	GALAXY	15.598471	13.788735	12.948642	12.539601	12.222078
IC0750	1237662195061686301	179.71750641	42.72247814	3893	301	4	149	GALAXY	14.7149	12.615637	11.601659	11.066869	10.615747
IC0777	1237667444044791815	184.84901211	28.30994854	5115	301	5	91	GALAXY	15.732403	14.407442	13.781623	13.481161	13.227858
IC0800	1237664291003629607	188.48607647	15.35481668	4381	301	4	117	GALAXY	14.727053	13.626922	13.160679	12.901865	12.814385
IC0851	1237667733976973323	197.1428305	21.04997872	5183	301	1	425	GALAXY	15.266644	14.19091	13.71517	13.450387	13.336017
IC0902	1237662300821192718	204.00499805	49.96091768	3918	301	1	87	GALAXY	15.558496	14.134527	13.414827	13.014344	12.721577
IC1151	1237665549973913977	239.63477695	17.44145969	4674	301	5	239	GALAXY	14.8114	13.500237	12.949745	12.660703	12.492602
IC1158	1237651736857149485	240.39197295	1.70781768	1458	301	4	772	GALAXY	14.912758	13.467974	12.724216	12.408087	12.273611
IC1447	1237680189902028844	337.49922095	-5.11981009	8083	301	2	166	GALAXY	15.312521	14.564881	13.633441	13.15263	13.294806
IC1596	1237679541357314161	13.67850304	21.5225991	7932	301	2	95	GALAXY	15.822926	14.47866	13.861905	13.52601	13.342233
IC1711	1237679169305706514	22.730449	17.18819965	7845	301	5	94	GALAXY	16.309696	14.375321	13.269123	12.599239	12.109189
IC2327	1237658298445791341	125.36647889	3.16924219	2986	301	2	45	GALAXY	15.112769	13.957831	13.461966	13.218166	13.044
IC2461	1237660343397515472	139.99176131	37.19126564	3462	301	3	204	GALAXY	15.946709	14.170798	13.296155	12.819667	12.356854
IC4582	1237662663215349960	236.41440414	28.08875311	4002	301	4	183	GALAXY	16.038994	14.411796	13.577055	13.107376	12.633833
IC5334	1237679078586318863	353.65181925	-4.53423471	7824	301	4	274	GALAXY	15.224161	13.472244	12.690439	12.269052	11.953891
NGC0063	1237678918059098115	4.43976565	11.45028483	7787	301	1	231	GALAXY	13.721603	12.466151	11.807607	11.503604	11.150323
NGC0428	1237663278472626194	18.23171046	0.98136156	4145	301	6	232	GALAXY	13.363337	12.168418	11.677737	11.452374	11.356064
NGC0473	1237679168230850586	19.97939142	16.54479491	7845	301	3	77	GALAXY	14.452386	12.946225	12.20503	11.804681	11.459161
NGC0493	1237663785280143437	20.53702708	0.94551424	4263	301	6	253	GALAXY	24.634668	25.114388	24.802038	21.593662	22.826914
NGC0514	1237678920750465101	21.01626926	12.91747217	7787	301	6	338	GALAXY	14.267571	13.022619	12.357167	12.073277	11.947044
NGC0573	1237666214081855505	22.70555601	41.25721343	4829	301	2	218	GALAXY	18.752888	17.230293	16.704996	16.408548	16.144625
NGC0660	1237653651309002968	25.76002026	13.64517615	1904	301	2	317	GALAXY	21.116434	18.411503	16.686954	16.033266	15.406818
NGC0678	1237679543510302865	27.35348794	21.99735876	7932	301	6	179	GALAXY	15.863054	13.166096	12.030458	11.439016	10.976777
NGC0693	1237667227683651633	27.6287309	6.14529428	5065	301	2	58	GALAXY	20.134161	19.830799	18.957975	18.261301	18.567717
NGC0718	1237678661436375050	28.30536788	4.19579215	7727	301	3	255	GALAXY	14.181969	12.357751	11.611567	11.264053	11.005378
NGC0779	1237679440422961166	29.92774885	-5.96429535	7908	301	6	55	GALAXY	13.633186	11.911411	11.100746	10.686595	10.357171
NGC0803	1237679168772309026	30.93635333	16.0310698	7845	301	4	147	GALAXY	15.095977	13.447915	12.644613	12.295329	12.013256
NGC0864	1237670015120113700	33.86513965	6.00248642	5714	301	2	99	GALAXY	14.592968	12.957413	12.218061	11.846317	11.541917
NGC0895	1237679321787727971	35.40199594	-5.52124349	7881	301	1	257	GALAXY	14.777582	13.21784	12.51584	12.19146	11.938884
NGC0955	1237663782603259936	37.63812033	-1.10843295	4263	301	1	367	GALAXY	14.436634	12.652271	11.837569	11.386669	11.088145
NGC1012	1237670961625956377	39.81184322	30.15128119	5934	301	5	136	GALAXY	14.384353	13.153357	12.318547	12.136086	11.931206
NGC1015	1237678881574813707	39.54815263	-1.31876401	7778	301	5	581	GALAXY	14.779057	13.030324	12.26776	11.864097	11.603299
NGC1032	1237678437016469514	39.8485648	1.09357281	7675	301	1	135	GALAXY	14.220248	12.921835	11.376153	10.860819	10.480999
NGC1068	1237666407923318886	40.66978767	-0.01319998	4874	301	3	692	GALAXY	12.61847	11.120382	10.616212	11.124999	10.74164
NGC1090	1237663783678771206	41.64140036	-0.24718991	4263	301	3	394	GALAXY	14.77151	13.007246	12.205102	11.813197	11.592088
NGC1924	1237653746855116994	82.00827819	-5.31064971	1926	301	4	59	GALAXY	14.604222	13.259723	12.48023	12.045617	11.640146
NGC2644	1237658300058632376	130.38269345	4.98093847	2986	301	5	79	GALAXY	14.924833	13.717585	13.184178	12.877262	12.641044
NGC2681	1237654383587360777	133.38622377	51.31381457	2074	301	6	110	GALAXY	13.706445	12.01816	11.349114	11.130864	10.774903
NGC2683	1237660634912456752	133.17242559	33.42173363	3530	301	2	113	GALAXY	12.835491	11.11675	9.952479	9.440468	9.076922
NGC2690	1237673708255314246	133.15840102	-2.60318627	6574	301	1	102	GALAXY	16.218422	14.338344	13.436609	12.962332	12.630415
NGC2701	1237651250950307852	134.77386367	53.77169998	1345	301	3	182	GALAXY	14.778903	13.379716	12.632894	12.306388	11.980164
NGC2710	1237651252561510458	134.9514593	55.70638475	1345	301	6	191	GALAXY	15.129901	13.597342	13.032374	12.704749	12.509411
NGC2712	1237657770704437350	134.87695739	44.91389919	2863	301	3	87	GALAXY	14.306109	12.803214	12.028691	11.626943	11.372074
NGC2726	1237663529726574598	136.23653237	59.93303117	4204	301	2	207	GALAXY	14.965385	13.535524	12.751947	12.322956	12.022712
NGC2731	1237660670346330140	135.53499976	8.30166674	3538	301	4	119	GALAXY	14.919766	13.722851	13.179299	12.930952	12.724822
NGC2735	1237664878336344077	135.66110464	25.93459904	4518	301	2	55	GALAXY	15.697479	13.9954	13.094825	12.601648	12.159569
NGC2750	1237665129062137986	136.44966739	25.43749513	4576	301	5	163	GALAXY	15.057654	14.008416	13.437353	13.271444	13.048003
NGC2753	1237665098461085790	136.78440552	25.34245575	4569	301	4	172	GALAXY	15.137192	14.16759	13.623523	13.363779	13.100578
NGC2841	1237654652569976914	140.51114815	50.97665888	2137	301	3	267	GALAXY	12.672489	10.762424	9.879772	9.423346	9.099245
NGC2844	1237658204497313948	140.45002297	40.15126486	2964	301	3	105	GALAXY	15.065861	13.47192	12.690503	12.265847	11.942817
NGC2893	1237664836470112268	142.57065456	29.53996864	4508	301	4	203	GALAXY	14.812377	13.467422	12.831906	12.546004	12.364378
NGC2916	1237667430632063050	143.74000078	21.70526029	5112	301	4	229	GALAXY	15.271878	13.382439	12.716789	12.303782	11.960006
NGC2966	1237658297917767692	145.54783395	4.67316155	2986	301	1	180	GALAXY	15.365048	13.880258	12.965873	12.587087	12.246379
NGC3021	1237664668432334910	147.73811924	33.55362289	4469	301	3	246	GALAXY	14.699564	12.886168	12.203373	11.847893	11.573788
NGC3041	1237668289617592430	148.27977562	16.67767193	5312	301	4	108	GALAXY	14.515525	13.152925	12.424486	12.066708	11.758612
NGC3044	1237653664184402010	148.41978826	1.57996563	1907	301	2	172	GALAXY	13.902646	12.844166	12.243423	12.014665	11.740103
NGC3049	1237661063879000073	148.70649367	9.27108044	3630	301	1	215	GALAXY	14.41434	13.403768	12.776822	12.693651	12.479907
NGC3055	1237654605857685577	148.82525709	4.27001756	2126	301	4	198	GALAXY	13.896404	12.953871	12.340581	12.128705	11.852548
NGC3094	1237668288007766126	150.35806487	15.77006333	5312	301	1	120	GALAXY	15.145966	13.519991	12.647395	12.178696	11.838851
NGC3198	1237658612513374224	154.98218312	45.55119256	3059	301	3	16	GALAXY	13.453513	11.841319	11.202846	10.636565	10.370014
NGC3246	1237654604787351782	156.67420577	3.86192653	2126	301	2	250	GALAXY	15.135269	13.588216	13.16604	13.153686	12.712092
NGC3254	1237667288886411287	157.33308743	29.49182429	5079	301	4	50	GALAXY	14.722519	12.789298	11.929737	11.550401	11.192785
NGC3277	1237667255616208959	158.23101708	28.5117444	5071	301	6	291	GALAXY	14.112941	12.273871	11.495572	11.125807	10.891947
NGC3279	1237661949706436622	158.67830869	11.19736664	3836	301	3	69	GALAXY	15.708244	13.778398	12.890352	12.405322	11.977905
NGC3294	1237664668973531242	159.06769929	37.32468592	4469	301	4	312	GALAXY	13.518142	12.108662	11.379512	10.982334	10.78688
NGC3310	1237657219874881638	159.69108805	53.50341522	2735	301	1	87	GALAXY	12.598865	11.592055	11.204041	11.005231	10.782384
NGC3320	1237658613051883561	159.90211436	47.39792087	3059	301	4	41	GALAXY	14.795733	13.327724	12.736558	12.399066	12.358107
NGC3359	1237654399688507438	161.65349561	63.22425705	2078	301	4	34	GALAXY	13.619169	12.295228	11.766618	11.424062	11.303868
NGC3370	1237668292296114194	161.76688243	17.27361533	5313	301	1	19	GALAXY	14.317083	12.807345	12.106834	11.770806	11.585326
NGC3380	1237667212131303427	162.05073464	28.60178615	5061	301	5	316	GALAXY	14.490861	13.006893	12.313854	11.965965	11.724513
NGC3423	1237658297925304356	162.80970043	5.84001892	2986	301	1	295	GALAXY	14.196083	12.822165	12.108505	11.772228	11.664713
NGC3437	1237667549807509552	163.14900635	22.93414694	5140	301	2	78	GALAXY	13.924876	12.660797	11.93248	11.565625	11.270123
NGC3445	1237655106762375180	163.64800636	56.99084313	2243	301	1	261	GALAXY	14.32317	13.311605	12.919904	12.761145	12.683527
NGC3448	1237657591928651813	163.66407334	54.30522693	2821	301	6	121	GALAXY	13.933267	12.943442	12.531873	12.306828	12.174805
NGC3471	1237653618545918011	164.78744662	61.53076679	1896	301	5	104	GALAXY	14.522676	13.187054	12.525271	12.255911	12.034923
NGC3485	1237664132630446093	165.00985659	14.8416179	4344	301	5	174	GALAXY	14.748244	13.220628	12.515919	12.163481	11.923114
NGC3486	1237667212132483087	165.09945587	28.9751428	5061	301	5	334	GALAXY	13.835549	12.063905	11.274095	10.865723	10.614646
NGC3495	1237654599959445670	165.3176042	3.62794092	2125	301	1	310	GALAXY	14.53697	13.041249	12.247806	11.819386	11.528154
NGC3504	1237667253471543340	165.79683736	27.97238427	5071	301	2	334	GALAXY	13.454589	12.106908	11.390321	11.073591	10.795004
NGC3507	1237668292834689151	165.85568833	18.13541174	5313	301	2	45	GALAXY	17.961641	13.319472	12.761606	12.217063	12.016008
NGC3547	1237661811193610256	167.48307127	10.72075475	3804	301	1	67	GALAXY	14.305865	13.361441	12.931427	12.681683	12.505617
NGC3556	1237657611263213608	167.8794269	55.67428003	2826	301	2	231	GALAXY	19.046558	17.369385	16.554321	16.169365	16.986889
NGC3583	1237658203969880124	168.54538082	48.31851934	2964	301	2	249	GALAXY	14.198201	12.502012	11.695264	11.2207	10.82406
NGC3611	1237655125002682379	169.37573975	4.5555786	2247	301	3	58	GALAXY	13.971917	12.652351	12.046043	11.84794	11.642619
NGC3614	1237661356465979508	169.58884665	45.74817454	3698	301	2	98	GALAXY	14.723763	13.289571	12.626573	12.280066	12.086569
NGC3629	1237667430642810948	170.13251449	26.96335396	5112	301	4	393	GALAXY	14.227982	13.164021	12.695885	12.50507	12.793197
NGC3633	1237655123929202737	170.10921138	3.58565236	2247	301	1	62	GALAXY	15.886786	14.200845	13.246101	12.749943	12.368345
NGC3675	1237661850391412815	171.53565537	43.58602152	3813	301	2	162	GALAXY	13.556993	11.626097	10.65078	10.184259	9.798309
NGC3687	1237667211598233635	172.00252025	29.5110562	5061	301	4	374	GALAXY	14.726096	13.020196	12.280351	11.912591	11.651113
NGC3705	1237660613437947914	172.53081284	9.27674316	3525	301	2	118	GALAXY	15.207935	13.075423	12.030756	11.699753	11.113681
NGC3835	1237655108912873525	176.02034754	60.11987147	2243	301	5	307	GALAXY	14.752679	13.091338	12.364398	11.964958	11.688853
NGC3888	1237657591931994192	176.89320196	55.96729876	2821	301	6	172	GALAXY	13.951212	12.735162	12.100698	11.723988	11.359396
NGC3976	1237661970646040621	178.98863834	6.74926337	3841	301	2	94	GALAXY	14.775707	12.862362	12.009805	11.562397	11.240016
NGC4030	1237654668675055622	180.09844493	-1.10008405	2141	301	1	251	GALAXY	14.1825	12.620571	11.824542	11.397877	11.039865
NGC4045	1237651735757258765	180.67599446	1.97680352	1458	301	2	373	GALAXY	14.649212	12.637776	11.673864	11.239293	10.863065
NGC4062	1237665226230202499	181.01594407	31.89578835	4599	301	2	78	GALAXY	13.412491	12.271274	11.251334	10.824363	10.586817
NGC4067	1237658493890396269	181.04808793	10.85439381	3031	301	6	405	GALAXY	15.205286	13.422475	12.623228	12.251079	11.943265
NGC4096	1237661357543391273	181.50477334	47.47849482	3698	301	4	154	GALAXY	14.019835	12.327091	11.574679	11.145019	10.908455
NGC4158	1237668298203201559	182.7923519	20.17566813	5314	301	4	42	GALAXY	14.564205	13.04214	12.203547	11.818125	11.522021
NGC4162	1237667446192209928	182.96872312	24.12361919	5116	301	1	90	GALAXY	14.697621	13.14566	12.396174	11.902472	11.571205
NGC4257	1237654606410219714	184.77696614	5.72595791	2126	301	5	437	GALAXY	15.539386	13.965919	13.166448	12.737728	12.427098
NGC4348	1237650369410826274	185.97494519	-3.44293015	1140	301	1	221	GALAXY	15.006185	13.248288	12.417997	11.934478	11.601719
NGC4388	1237661812812349452	186.44468126	12.66186917	3804	301	4	191	GALAXY	13.527559	11.983841	11.27994	10.896231	10.653499
NGC4414	1237665328779231263	186.61267601	31.23119744	4623	301	1	180	STAR	24.634689	22.400108	20.218147	19.471806	18.968079
NGC4454	1237650762393714739	187.21143406	-1.93919014	1231	301	5	120	GALAXY	14.620227	12.700134	11.844728	11.416934	11.148766
NGC4470	1237661976011341911	187.40739522	7.82410876	3842	301	4	42	GALAXY	13.883544	12.946457	12.46044	12.175086	12.048372
NGC4480	1237655124473741445	187.61158415	4.24657511	2247	301	2	179	GALAXY	14.894485	13.178541	12.452069	12.094278	11.861847
NGC4525	1237667254554001428	188.46306569	30.27747374	5071	301	4	467	GALAXY	14.322693	12.993995	12.471747	12.196278	12.040775
NGC4591	1237655126622142526	189.80180333	6.01229343	2247	301	6	193	GALAXY	14.74539	13.330252	12.598665	12.210143	11.919172
NGC4602	1237671765321187358	190.15384112	-5.13276117	6121	301	6	128	GALAXY	14.431334	12.6986	11.862508	11.425244	11.117655
NGC4604	1237671765321121799	190.18725484	-5.30248289	6121	301	6	127	GALAXY	15.471215	14.505257	14.040987	13.816095	13.655039
NGC4651	1237668623014952982	190.92768012	16.39332257	5390	301	1	116	GALAXY	13.582021	11.97676	11.1735	10.726916	10.406158
NGC4691	1237671264958349432	192.05690852	-3.33285216	6005	301	2	141	GALAXY	16.791931	16.137857	16.066269	15.861501	15.858784
NGC4747	1237667912743846091	192.94151891	25.77711301	5224	301	6	255	GALAXY	14.296426	12.942494	12.307712	11.990396	11.82277
NGC4771	1237651752405565444	193.33840687	1.2690955	1462	301	1	454	GALAXY	14.232591	12.70809	11.961969	11.521248	11.297031
NGC4772	1237651753479307279	193.37155371	2.16836401	1462	301	3	454	GALAXY	14.00698	12.135123	11.292966	10.829999	10.582721
NGC4779	1237662237470097429	193.46179423	9.70998897	3903	301	3	82	GALAXY	14.586679	13.312228	12.622542	12.323039	12.051648
NGC4791	1237661976550965261	193.68310587	8.05310392	3842	301	5	84	GALAXY	16.250469	14.700397	13.999708	13.649433	13.405767
NGC4793	1237665440978436156	193.66934302	28.93865289	4649	301	2	76	GALAXY	14.188148	13.382992	12.617834	12.277151	11.746758
NGC4799	1237651754553245775	193.81472366	2.8966485	1462	301	5	457	GALAXY	15.394073	13.718491	12.87747	12.528214	12.165268
NGC4800	1237661360758521885	193.65746271	46.53116392	3699	301	2	61	GALAXY	13.36677	11.713652	10.906908	10.573416	10.266824
NGC4904	1237648721237377109	195.2444867	-0.02755622	756	301	3	530	GALAXY	14.447794	13.184956	12.531711	12.276934	12.116414
NGC4961	1237667444049248315	196.44819772	27.73414437	5115	301	5	159	GALAXY	14.678251	13.578614	13.138107	12.958205	12.779574
NGC5014	1237664852564049931	197.88015321	36.28205365	4512	301	2	17	GALAXY	15.286311	13.352311	12.730989	12.472181	12.138686
NGC5033	1237664844511117384	198.36456168	36.59390065	4510	301	3	19	GALAXY	13.625071	11.836943	10.878055	10.368289	10.000969
NGC5055	1237662195067912236	198.95527015	42.02940633	3893	301	4	244	GALAXY	11.0065	11.078548	10.178611	13.64022	9.317443
NGC5089	1237667259893678110	199.91395788	30.2565092	5072	301	6	24	GALAXY	19.898724	18.770176	18.406668	18.18026	17.870369
NGC5117	1237665440981188698	200.73532502	28.31644342	4649	301	2	118	GALAXY	15.493865	14.097166	13.607335	13.392539	13.328617
NGC5205	1237655371439079453	202.5149659	62.51160171	2304	301	6	251	GALAXY	14.845208	13.181751	12.463761	12.080612	11.784688
NGC5240	1237664672718979220	203.97999007	35.58825951	4470	301	3	119	GALAXY	14.751837	13.469137	12.819715	12.499503	12.278281
NGC5248	1237662236937945133	204.38342796	8.88518187	3903	301	2	154	GALAXY	13.364526	11.886041	11.073327	10.654038	10.258766
NGC5301	1237661435388559416	206.60257348	46.10729745	3716	301	5	137	GALAXY	24.634653	25.114368	22.132229	20.224234	19.551413
NGC5303	1237664295297810527	206.93744319	38.30462073	4382	301	4	105	GALAXY	15.066461	13.872571	13.410597	12.845935	12.873908
NGC5334	1237648702977343535	208.22692335	-1.11461627	752	301	1	432	GALAXY	14.065571	12.779668	12.14515	11.757922	11.650579
NGC5347	1237665103282372621	208.32409366	33.49085159	4570	301	5	11	GALAXY	14.852185	13.154811	12.430894	12.030818	11.76473
NGC5356	1237654881271152801	208.74354058	5.33367804	2190	301	5	178	GALAXY	15.1189	13.436502	12.663448	12.206948	11.889316
NGC5375	1237665225704013914	209.2333244	29.16438402	4599	301	1	241	GALAXY	14.818428	12.945505	12.132281	11.719155	11.448545
NGC5377	1237658204518547512	209.06945047	47.23571179	2964	301	3	429	GALAXY	13.964184	12.120273	11.308935	10.914949	10.610445
NGC5492	1237667734520201280	212.64681988	19.61222883	5183	301	2	522	GALAXY	15.062375	13.677345	12.862947	12.45466	12.124575
NGC5496	1237648702979375203	212.90928322	-1.15920732	752	301	1	463	STAR	24.168442	21.538052	21.256393	20.881163	21.153872
NGC5523	1237665532785459246	213.71791544	25.31727855	4670	301	5	108	STAR	24.565145	25.11438	20.585974	20.653616	20.204857
NGC5526	1237659146706026543	213.47403811	57.77140211	3183	301	6	109	GALAXY	15.368922	14.118498	13.39171	13.061235	12.750373
NGC5560	1237651822172110865	215.01836628	3.99266001	1478	301	3	47	GALAXY	14.767347	13.218523	12.449907	12.041635	11.795609
NGC5584	1237648704054296626	215.59905787	-0.38764802	752	301	3	481	GALAXY	14.273612	12.965158	12.362241	12.008431	12.222151
NGC5602	1237659119323119682	215.57851334	50.50139491	3177	301	3	71	GALAXY	15.264223	13.325866	12.518085	12.099151	11.818716
NGC5630	1237661874024415367	216.90270038	41.25766531	3818	301	6	325	GALAXY	14.690146	13.568745	13.165146	12.965455	12.854784
NGC5645	1237662262170550297	217.66394762	7.27510331	3909	301	1	149	GALAXY	13.876295	12.773837	12.341817	12.110331	12.00967
NGC5661	1237662267532902410	217.98907141	6.25038208	3910	301	3	52	GALAXY	15.319262	14.330281	13.723302	13.485863	13.271282
NGC5667	1237655465923182605	217.5954243	59.46981888	2326	301	6	172	GALAXY	14.357799	13.378695	12.983916	12.747612	12.58092
NGC5678	1237655464312963103	218.02336457	57.9214731	2326	301	3	178	GALAXY	14.128007	12.353183	11.432804	11.026073	10.730285
NGC5730	1237661362914328599	219.96738616	42.74228029	3699	301	6	188	GALAXY	16.069435	14.261851	13.612605	13.269636	13.012239
NGC5740	1237651753491431477	221.10186747	1.67977814	1462	301	3	639	GALAXY	14.456172	12.804235	11.950645	11.504643	11.168613
NGC5777	1237654399164219401	222.82434659	58.97813389	2078	301	3	226	GALAXY	16.122608	14.315632	13.410416	12.909254	12.523213
NGC5795	1237659133821321278	224.08281659	49.40041995	3180	301	6	112	GALAXY	16.472282	14.95482	14.244614	13.892905	13.608843
NGC5850	1237655468598165676	226.78205945	1.54426652	2327	301	3	29	GALAXY	14.383328	12.412381	11.479418	11.020488	10.714002
NGC5894	1237651538184175636	227.92066721	59.8089975	1412	301	2	303	GALAXY	15.223937	13.566362	12.67398	12.182536	11.802337
NGC5921	1237658780022145081	230.48533921	5.07063505	3098	301	3	93	GALAXY	14.248162	12.543849	11.718303	11.298344	11.033005
NGC5951	1237667782318161945	233.42933075	15.00714994	5194	301	3	773	GALAXY	21.378803	19.438881	18.490208	18.085903	17.720921
NGC5958	1237662224622420045	233.7047592	28.65526925	3900	301	3	650	GALAXY	14.199584	13.245541	12.817764	12.641403	12.502501
NGC5961	1237662340546756709	233.81779675	30.86402572	3927	301	3	43	GALAXY	24.634665	19.411953	18.389061	17.896973	17.634846
NGC5981	1237671939262447835	234.47267419	59.39182316	6162	301	2	53	GALAXY	15.972816	14.067259	13.139142	12.622681	12.229648
NGC5985	1237671767463624714	234.90442452	59.33209112	6122	301	2	51	GALAXY	14.704721	12.857036	12.065935	11.573848	11.267695
NGC6012	1237668367460860019	238.55794688	14.60121274	5330	301	5	62	GALAXY	14.582603	13.160814	12.418786	12.030063	11.829881
NGC6015	1237671941411176492	237.85531434	62.31008753	6162	301	6	72	GALAXY	13.398497	12.012223	11.298433	10.963456	10.899969
NGC6063	1237662200437211154	241.80413885	7.9790031	3894	301	6	253	GALAXY	14.928116	13.648718	12.980047	12.632634	12.395168
NGC6070	1237648675068379390	242.49454463	0.70920865	745	301	5	559	GALAXY	14.816833	13.179698	12.313968	11.814587	11.449412
NGC6106	1237662200438456477	244.6977593	7.4098088	3894	301	6	272	GALAXY	21.407799	19.680784	18.95883	18.446239	18.089951
NGC6118	1237668651464982741	245.45261514	-2.28363188	5396	301	6	53	GALAXY	15.383039	13.491038	12.570123	12.054381	11.727422
NGC6155	1237654953202352248	246.53471764	48.36682914	2207	301	3	33	GALAXY	14.395344	13.155482	12.536798	12.243379	12.021084
NGC6181	1237662698115432477	248.08729666	19.82642206	4010	301	5	236	GALAXY	14.76041	12.583804	11.721571	11.253036	11.045302
NGC6207	1237655472359342226	250.76520072	36.8321068	2328	301	2	76	GALAXY	20.417528	18.896395	18.041517	17.59355	17.3174
NGC6339	1237665583795667009	259.27691655	40.84496264	4682	301	4	222	GALAXY	14.756771	13.652143	13.117603	12.852019	12.586962
NGC6384	1237668572012216358	263.10120661	7.06042415	5378	301	2	116	GALAXY	14.573612	12.547022	11.642285	11.15998	10.768668
NGC6675	1237668678850642127	279.36039304	40.05783358	5403	301	1	133	GALAXY	14.918242	13.325909	12.551071	12.135364	11.93396
NGC7137	1237680306393907487	327.05440238	22.15958589	8110	301	3	27	GALAXY	14.45308	13.408252	12.637156	12.270923	11.955934
NGC7177	1237680270961213529	330.17174003	17.73821843	8102	301	1	39	GALAXY	13.348343	11.832747	11.045158	10.586266	10.169255
NGC7241	1237680297807314998	333.95838355	19.23223113	8108	301	3	78	GALAXY	16.349682	18.986862	16.799215	16.422974	14.947516
NGC7328	1237678918585155727	339.37196801	10.53154064	7787	301	2	66	GALAXY	15.485953	13.704585	12.827991	12.375395	12.026377
NGC7339	1237666246295617771	339.44480162	23.7862706	4836	301	6	241	GALAXY	15.046095	13.378759	12.405966	11.91872	11.463412
NGC7347	1237678919122288902	339.98427411	11.02758512	7787	301	3	70	GALAXY	15.712121	14.244254	13.585987	13.198243	12.905061
NGC7416	1237680116879065101	343.92360639	-5.49530145	8066	301	2	36	GALAXY	15.086657	13.329421	12.453578	11.981454	11.651715
NGC7463	1237678600762228868	345.46653475	15.98174132	7713	301	2	137	GALAXY	14.606736	13.465594	12.898047	12.629372	12.397788
NGC7479	1237678920198783025	346.23604755	12.32288494	7787	301	5	112	GALAXY	14.454242	12.850784	11.95054	11.51262	11.044529
NGC7497	1237680245198487603	347.26377371	18.17674354	8096	301	1	147	GALAXY	15.599281	14.155519	13.499915	13.455194	12.895199
NGC7625	1237672764443918530	350.1255857	17.2255649	6354	301	3	219	GALAXY	13.98546	12.231723	11.525221	11.167877	10.812691
NGC7678	1237680298888593433	352.11614448	22.42123823	8108	301	5	193	GALAXY	14.693778	13.176613	12.406124	12.023432	11.72436
NGC7694	1237679997165961225	353.3157165	-2.70273265	8038	301	3	175	GALAXY	15.231606	13.897393	13.406487	13.163301	13.074883
NGC7716	1237666408439873551	354.13104318	0.29726696	4874	301	4	382	GALAXY	14.942105	13.01809	12.14577	11.747547	11.48866
NGC7742	1237678907854618635	356.06565963	10.7670927	7784	301	6	171	GALAXY	13.865073	12.227651	11.400537	11.040304	10.825622
NGC7743	1237678906780876807	356.08814507	9.93413687	7784	301	4	171	GALAXY	14.19571	12.360378	11.57986	11.205088	10.942326
NGC7814	1237652944786292741	0.81246106	16.14569547	1739	301	6	308	GALAXY	24.634638	25.11437	17.739355	16.560566	15.646226
PGC005363	1237671067918925842	21.63886915	39.88109593	5959	301	3	22	GALAXY	16.865423	15.055562	14.252026	13.858503	13.51891
PGC009485	1237678887989084183	37.38192187	-3.21295108	7780	301	1	151	GALAXY	14.185426	13.212512	12.766404	12.665052	12.478427
PGC069448	1237678880475054094	340.06306155	-2.42406669	7778	301	3	184	GALAXY	14.900108	13.614874	12.984789	12.670804	12.527093
PGC2800919	1237680191506678049	323.97496049	-3.14802225	8083	301	5	75	GALAXY	16.199018	14.648893	13.908113	13.518102	13.17241
UGC00260	1237678857937617072	6.76211019	11.58377322	7773	301	1	354	STAR	24.634657	25.114376	21.676105	20.10169	19.132174
UGC01551	1237679562304651278	30.9065352	24.07520488	7937	301	1	238	GALAXY	15.243432	13.643436	13.071195	12.711831	12.552823
UGC03258	1237646587171832213	77.67954353	0.40942913	259	301	4	474	STAR	24.634653	25.114372	20.264032	18.36068	19.008385
UGC04621	1237658191076982836	132.5491991	35.07640877	2961	301	2	127	GALAXY	15.782113	14.13366	13.252774	12.873119	12.555918
UGC04824	1237654654180130861	137.89066966	51.25447516	2137	301	6	260	GALAXY	15.594614	14.225573	13.625192	13.346328	13.296541
UGC04906	1237654381978386583	139.41626286	52.99296362	2074	301	3	135	GALAXY	15.020823	13.394225	12.608901	12.180022	11.791352
UGC05376	1237654600489697310	150.1128244	3.37441293	2125	301	2	209	GALAXY	15.935115	13.889293	12.913683	12.574619	12.244026
UGC05403	1237667735568515150	150.64810347	19.17690449	5183	301	4	134	GALAXY	15.694369	14.122818	13.229608	12.825063	12.420287
UGC05720	1237657611797594121	158.13288246	54.40098744	2826	301	3	193	GALAXY	14.119453	13.279344	12.873606	12.837259	12.675183
UGC06402	1237648720152953054	170.8296685	-0.92261617	756	301	1	367	GALAXY	15.696696	14.54417	13.933245	13.61623	13.334641
UGC06517	1237664818747146309	173.0099881	36.69799086	4504	301	3	108	GALAXY	15.437345	14.210999	13.623431	13.337983	13.13806
UGC06879	1237650761853042762	178.60433696	-2.31954853	1231	301	4	62	GALAXY	15.321621	14.095777	13.504231	13.197893	12.981977
UGC07179	1237658609831772214	182.74114389	63.91531677	3058	301	6	58	GALAXY	15.850296	14.028324	13.207201	12.770938	12.279408
UGC08067	1237650371561914522	194.30052989	-1.70667791	1140	301	5	276	GALAXY	15.341975	14.097869	13.461107	13.139282	12.873825
UGC08658	1237658803116834872	205.16599484	54.33294231	3103	301	6	234	GALAXY	14.977007	13.653889	12.906262	12.612637	12.616007
UGC08693	1237664672719765641	206.11824994	35.1926936	4470	301	3	131	GALAXY	15.559924	14.274368	13.711169	13.433767	13.243296
UGC08756	1237661850939752469	207.64961168	42.54134734	3813	301	3	337	GALAXY	16.088608	14.228737	13.402329	12.927552	12.660078
UGC09665	1237659133285040288	225.38526167	48.31971281	3180	301	5	121	GALAXY	15.903272	14.254129	13.490101	13.080755	12.766331
UGC09703	1237659119326724236	226.35977714	46.56505509	3177	301	3	126	GALAXY	15.945388	14.570262	13.887296	13.517824	13.223415
UGC09741	1237659149923778745	227.13955817	52.29620806	3184	301	4	56	GALAXY	15.257166	14.18924	13.750917	13.549919	13.407298
UGC09977	1237651818953965845	235.49812005	0.71278773	1477	301	5	94	GALAXY	16.426355	14.854252	14.058146	13.625144	13.389538
UGC10043	1237665373868916886	237.17126064	21.8691101	4633	301	5	66	GALAXY	16.808964	15.215752	14.336113	13.788463	13.322369
UGC10288	1237648704066552032	243.60344242	-0.20714294	752	301	3	668	GALAXY	16.426233	14.380548	13.4228	12.895044	12.549159
UGC12010	1237669696762347622	335.82649596	5.53428148	5640	301	1	201	GALAXY	16.590199	15.120303	14.353525	14.119871	13.67003
UGC12074	1237679008242466823	338.27633897	8.09752329	7808	301	1	64	GALAXY	15.927049	14.498761	13.770825	13.37766	13.049849
UGC12300	1237678920735195193	345.15468886	12.78211958	7787	301	6	105	GALAXY	15.753611	14.121966	13.326463	12.954304	12.567881
UGC12518	1237669681720459430	350.05307925	7.93219469	5636	301	5	56	GALAXY	17.075253	15.122369	14.069378	13.464865	13.044553
UGC12857	1237678617417482467	359.19799601	1.35523496	7717	301	1	324	GALAXY	15.248355	14.077244	13.384276	13.013415	12.767364