IC0598	-22.600000 -0.100000	-19.8559 alldat IC0598   153.202423    43.145546   0     0     0     2256   35.3  -22.60    0.06   -0.1    1.02
IC0719	-22.700000 -2.000000	-19.4117 alldat IC0719   175.077042     9.009861   0     0     0     1833   29.4  -22.70    0.22   -2.0    1.10
IC0750	-24.710000 2.100000	-21.0082 alldat IC0750   179.717606    42.722404   0     1     0      701   36.8  -24.71    0.09    2.1    1.24
IC0777	-21.920000 2.600000	-19.1663 alldat IC0777   184.849228    28.309881   0     0     0     2541   39.0  -21.92    0.10    2.6    0.95
IC0851	-21.820000 3.100000	-18.8794 alldat IC0851   197.143127    21.049742   0     0     0     2615   39.8  -21.82    0.15    3.1    1.31
IC0902	-21.810000 3.100000	-18.84 alldat IC0902   204.005051    49.960720   0     0     0     1618   27.9  -21.81    0.05    3.1    1.18
IC1151	-22.240000 5.200000	-20.0881 alldat IC1151   239.634705    17.441553   0     0     0     2169   33.7  -22.24    0.16    5.2    1.35
IC1158	-22.150000 5.100000	-19.8217 alldat IC1158   240.391968     1.707832   0     0     0     1927   29.4  -22.15    0.49    5.1    1.45
IC1447	-22.870000 3.100000	-21 alldat IC1447   337.499146    -5.119929   0     0     0     2953   41.6  -22.87    0.24    3.1    1.43
IC1596	-21.540000 2.000000	-19.3997 alldat IC1596    13.678428    21.522646   0     0     0     2674   38.9  -21.54    0.21    2.0    1.13
IC1711	-23.520000 3.000000	-19.7211 alldat IC1711    22.730280    17.188482   0     0     0     2801   40.2  -23.52    0.45    3.0    1.10
IC2327	-21.960000 1.100000	-19.7975 alldat IC2327   125.366501     3.169287   0     0     0     2684   37.8  -21.96    0.11    1.1    1.06
IC2461	-22.650000 3.200000	-19.2816 alldat IC2461   139.991791    37.191048   0     0     0     2260   34.7  -22.65    0.05    3.2    1.07
IC4582	-22.090000 4.100000	-14.7294 alldat IC4582   236.414215    28.088715   0     0     0     2145   34.0  -22.09    0.13    4.1    0.97
IC5334	-22.500000 2.700000	-21 alldat IC5334   353.651733    -4.534227   0     0     0     2209   31.1  -22.50    0.18    2.7    1.04
NGC0063	-22.080000 -3.000000	-19.8404 alldat NGC0063     4.439690    11.450358   1     1     0     1160   18.2  -22.08    0.48   -3.0    1.34
NGC0428	-21.740000 8.600000	-19.9336 alldat NGC0428    18.232122     0.981581   0     0     0     1152   16.7  -21.74    0.12    8.6    1.69
NGC0448	-23.020000 -2.500000	-20.3791 alldat NGC0448    18.818876    -1.626105   1     1     0     1908   29.5  -23.02    0.26   -2.5    1.05
NGC0473	-22.930000 -0.300000	-20.6538 alldat NGC0473    19.979469    16.544645   0     0     0     2134   31.1  -22.93    0.39   -0.3    1.23
NGC0493	-22.320000 5.900000	-20.5894 alldat NGC0493    20.537439     0.945335   0     0     0     2338   32.8  -22.32    0.14    5.9    1.50
NGC0514	-23.550000 5.300000	-21.2628 alldat NGC0514    21.016270    12.917349   0     1     0     2472   34.4  -23.55    0.17    5.3    1.72
NGC0524	-24.710000 -1.200000	-21.5768 alldat NGC0524    21.198778     9.538793   1    10     0     2403   23.3  -24.71    0.36   -1.2    1.64
NGC0525	-21.860000 -2.000000	-19.4057 alldat NGC0525    21.220442     9.703240   0     0     0     2139   30.7  -21.86    0.38   -2.0    1.06
NGC0628	-22.470000 5.200000	-20.0567 alldat NGC0628    24.174049    15.783460   0     3     0      657    7.2  -22.47    0.30    5.2    2.15
NGC0660	-23.330000 1.200000	-19.6617 alldat NGC0660    25.759790    13.645680   0     0     0      850   13.5  -23.33    0.28    1.2    1.84
NGC0661	-23.190000 -4.400000	-20.8686 alldat NGC0661    26.060976    28.705988   0     1     0     3815   30.6  -23.19    0.30   -4.4    1.12
NGC0678	-24.390000 3.000000	-21.0686 alldat NGC0678    27.353580    21.997299   0     0     0     2835   40.9  -24.39    0.37    3.0    1.29
NGC0693	-22.560000 0.200000	-19.6509 alldat NGC0693    27.628531     6.145210   0     0     0     1567   22.5  -22.56    0.23    0.2    1.21
NGC0718	-23.230000 1.000000	-20.7947 alldat NGC0718    28.305481     4.195917   0     0     0     1733   24.6  -23.23    0.16    1.0    1.37
NGC0779	-23.750000 3.000000	-21.0486 alldat NGC0779    29.927605    -5.964152   0     2     0     1362   23.0  -23.75    0.12    3.0    1.47
NGC0803	-22.610000 5.300000	-20.0644 alldat NGC0803    30.936255    16.030960   0     0     0     2101   30.4  -22.61    0.22    5.3    1.44
NGC0895	-23.420000 6.000000	-21.7374 alldat NGC0895    35.401958    -5.521394   0     1     0     2288   36.6  -23.42    0.11    6.0    1.66
NGC0936	-24.850000 -1.200000	-20.9552 alldat NGC0936    36.906090    -1.156280   1     4     0     1429   22.4  -24.85    0.15   -1.2    1.72
NGC0955	-22.850000 2.000000	-19.3963 alldat NGC0955    37.637962    -1.108482   0     0     0     1487   20.8  -22.85    0.16    2.0    1.18
NGC1015	-23.470000 1.000000	-20.9295 alldat NGC1015    39.548187    -1.318618   0     0     0     2629   36.3  -23.47    0.14    1.0    1.35
NGC1032	-24.500000 0.400000	-21.1244 alldat NGC1032    39.848667     1.093801   0     0     0     2694   37.4  -24.50    0.16    0.4    1.37
NGC1068	-25.620000 3.000000	-22.8338 alldat NGC1068    40.669880    -0.013290   0     2     0     1137   19.0  -25.62    0.14    3.0    1.52
NGC1073	-22.220000 5.300000	-20.3776 alldat NGC1073    40.919159     1.375870   0     0     0     1208   17.2  -22.22    0.17    5.3    1.94
NGC1090	-23.720000 3.700000	-20.4073 alldat NGC1090    41.641315    -0.247042   0     0     0     2760   38.2  -23.72    0.14    3.7    1.60
NGC1121	-22.700000 -1.800000	-19.9889 alldat NGC1121    42.663387    -1.734040   0     0     0     2558   35.3  -22.70    0.29   -1.8    0.87
NGC2481	-23.380000 0.400000	-20.1267 alldat NGC2481   119.307182    23.767693   0     0     0     2157   32.0  -23.38    0.28    0.4    1.02
NGC2592	-22.880000 -4.800000	-19.7477 alldat NGC2592   126.783669    25.970339   1     1     0     1979   25.0  -22.88    0.25   -4.8    1.09
NGC2594	-22.360000 0.000000	-19.3765 alldat NGC2594   126.821609    25.878935   0     0     0     2362   35.1  -22.36    0.24    0.0    0.82
NGC2644	-21.890000 4.600000	-19.7858 alldat NGC2644   130.382904     4.980223   0     0     0     1939   28.0  -21.89    0.16    4.6    1.25
NGC2681	-23.680000 0.400000	-21.4336 alldat NGC2681   133.386414    51.313709   1     1     0      692   16.7  -23.68    0.10    0.4    1.55
NGC2683	-23.060000 3.000000	-20.2453 alldat NGC2683   133.172272    33.421799   1     3     0      411    7.5  -23.06    0.14    3.0    1.75
NGC2685	-22.780000 -1.000000	-19.5556 alldat NGC2685   133.894791    58.734409   0     0     0      875   16.7  -22.78    0.27   -1.0    1.41
NGC2701	-23.130000 5.300000	-19.8605 alldat NGC2701   134.773834    53.771755   0     0     0     2326   36.3  -23.13    0.08    5.3    1.50
NGC2710	-22.520000 3.000000	-20.4109 alldat NGC2710   134.951416    55.706440   0     0     0     2526   39.1  -22.52    0.10    3.0    1.31
NGC2712	-23.220000 3.100000	-19.918 alldat NGC2712   134.876907    44.914001   0     0     0     1815   29.0  -23.22    0.09    3.1    1.48
NGC2726	-22.280000 1.000000	-19.7597 alldat NGC2726   136.236908    59.932968   0     0     0     1518   25.7  -22.28    0.16    1.0    1.25
NGC2731	-22.380000 5.500000	-19.643 alldat NGC2731   135.534973     8.301766   0     0     0     2583   37.0  -22.38    0.29    5.5    1.16
NGC2735	-23.010000 3.000000	-21 alldat NGC2735   135.660980    25.934587   0     0     0     2450   36.5  -23.01    0.17    3.0    0.99
NGC2750	-23.320000 5.300000	-21.1575 alldat NGC2750   136.449554    25.437365   0     0     0     2674   39.4  -23.32    0.15    5.3    1.57
NGC2753	-21.900000 0.000000	-21 alldat NGC2753   136.784286    25.342352   0     0     0     2783   40.9  -21.90    0.15    0.0    1.13
NGC2764	-23.190000 -2.000000	-20.2245 alldat NGC2764   137.072983    21.443447   0     0     0     2706   39.6  -23.19    0.17   -2.0    1.09
NGC2775	-24.530000 1.700000	-21.5388 alldat NGC2775   137.583801     7.037924   0     0     0     1354   20.5  -24.53    0.19    1.7    1.64
NGC2778	-22.230000 -4.800000	-19.2885 alldat NGC2778   138.101639    35.027424   1     1     0     2025   22.3  -22.23    0.09   -4.8    1.20
NGC2824	-22.930000 -2.000000	-19.778 alldat NGC2824   139.759277    26.269999   0     0     0     2758   40.7  -22.93    0.14   -2.0    0.86
NGC2841	-24.750000 3.000000	-21.8468 alldat NGC2841   140.511063    50.976479   0     6     0      638   14.5  -24.75    0.07    3.0    1.90
NGC2844	-22.060000 0.600000	-19.1347 alldat NGC2844   140.450104    40.151218   0     0     0     1486   24.6  -22.06    0.08    0.6    1.08
NGC2859	-24.130000 -1.200000	-20.6638 alldat NGC2859   141.077286    34.513378   0     0     0     1690   27.0  -24.13    0.09   -1.2    1.43
NGC2893	-21.850000 0.400000	-19.1498 alldat NGC2893   142.570618    29.539986   0     0     0     1699   26.9  -21.85    0.10    0.4    0.97
NGC2903	-23.720000 4.000000	-21.017 alldat NGC2903   143.042130    21.500830   0     5     0      556    8.9  -23.72    0.13    4.0    1.93
NGC2916	-23.930000 3.100000	-20.3096 alldat NGC2916   143.739868    21.705259   0     1     0     3730   40.6  -23.93    0.12    3.1    1.44
NGC2950	-22.930000 -2.000000	-19.8058 alldat NGC2950   145.646317    58.851219   1     1     0     1322   14.5  -22.93    0.07   -2.0    1.19
NGC2962	-24.010000 -1.100000	-20.5434 alldat NGC2962   145.224609     5.165820   0     3     0     1967   34.0  -24.01    0.25   -1.1    1.39
NGC2966	-22.720000 4.200000	-19.6856 alldat NGC2966   145.547852     4.673152   0     0     0     2044   30.0  -22.72    0.20    4.2    1.38
NGC3021	-23.320000 4.000000	-20.0806 alldat NGC3021   147.737976    33.553467   0     2     0     1541   31.5  -23.32    0.06    4.0    1.31
NGC3041	-23.040000 5.400000	-20.0609 alldat NGC3041   148.279770    16.677694   0     0     0     1408   22.5  -23.04    0.15    5.4    1.83
NGC3044	-22.480000 5.700000	-19.8002 alldat NGC3044   148.420349     1.579650   0     0     0     1289   19.5  -22.48    0.11    5.7    1.58
NGC3049	-21.830000 2.500000	-18.8061 alldat NGC3049   148.706879     9.271640   0     0     0     1455   22.7  -21.83    0.17    2.5    1.52
NGC3055	-22.680000 5.300000	-19.8308 alldat NGC3055   148.825195     4.270082   0     0     0     1805   27.0  -22.68    0.22    5.3    1.47
NGC3073	-21.780000 -2.800000	-20.0894 alldat NGC3073   150.216843    55.618935   1     1     0     1173   32.8  -21.78    0.05   -2.8    1.13
NGC3094	-23.150000 1.000000	-20.0482 alldat NGC3094   150.357986    15.769937   0     0     0     2404   35.6  -23.15    0.12    1.0    1.08
NGC3098	-22.720000 -1.500000	-19.6606 alldat NGC3098   150.569458    24.711092   0     0     0     1397   23.0  -22.72    0.16   -1.5    1.12
NGC3169	-24.130000 1.200000	-21.0952 alldat NGC3169   153.562912     3.466120   0     0     0     1238   19.1  -24.13    0.13    1.2    1.61
NGC3182	-23.190000 0.400000	-20.2554 alldat NGC3182   154.887558    58.205818   0     0     0     2118   34.0  -23.19    0.05    0.4    1.32
NGC3184	-23.050000 6.000000	-20.6054 alldat NGC3184   154.570770    41.424381   0     2     0      592   11.3  -23.05    0.07    6.0    2.09
NGC3193	-24.630000 -4.800000	-21.8191 alldat NGC3193   154.603683    21.893978   1     3     0     1381   33.1  -24.63    0.11   -4.8    1.42
NGC3198	-23.030000 5.200000	-20.8568 alldat NGC3198   154.979126    45.549690   0    19     0      663   14.5  -23.03    0.05    5.2    1.89
NGC3230	-24.180000 -1.800000	-20.9843 alldat NGC3230   155.933090    12.567883   0     0     0     2795   40.8  -24.18    0.16   -1.8    1.26
NGC3245	-23.690000 -2.100000	-20.3885 alldat NGC3245   156.826523    28.507435   1     1     0     1326   20.3  -23.69    0.11   -2.1    1.40
NGC3246	-21.800000 7.900000	-19.7221 alldat NGC3246   156.674026     3.862108   0     0     0     2154   31.8  -21.80    0.16    7.9    1.45
NGC3254	-24.090000 4.000000	-20.7015 alldat NGC3254   157.333008    29.491440   0     1     0     1355   37.8  -24.09    0.09    4.0    1.62
NGC3277	-22.980000 1.900000	-20.572 alldat NGC3277   158.231079    28.511728   0     0     0     1408   23.9  -22.98    0.12    1.9    1.33
NGC3279	-22.390000 6.500000	-19.1202 alldat NGC3279   158.678299    11.197244   0     0     0     1394   22.9  -22.39    0.16    6.5    1.23
NGC3294	-23.970000 5.100000	-21.4591 alldat NGC3294   159.067780    37.324589   0     1     0     1586   29.5  -23.97    0.08    5.1    1.61
NGC3310	-22.920000 4.000000	-19.9718 alldat NGC3310   159.691071    53.503304   0     2     0      993   20.2  -22.92    0.10    4.0    1.20
NGC3320	-22.720000 5.800000	-20.1045 alldat NGC3320   159.902176    47.397964   0     0     0     2331   36.5  -22.72    0.09    5.8    1.31
NGC3344	-21.720000 4.000000	-19.2025 alldat NGC3344   160.879791    24.922220   0     0     0      586    6.8  -21.72    0.14    4.0    1.96
NGC3370	-22.800000 5.100000	-20.0384 alldat NGC3370   161.766830    17.273697   0    13     0     1279   27.7  -22.80    0.13    5.1    1.38
NGC3380	-22.220000 1.000000	-19.5326 alldat NGC3380   162.050644    28.601772   0     0     0     1606   26.7  -22.22    0.11    1.0    1.30
NGC3423	-22.180000 6.000000	-18.3071 alldat NGC3423   162.809753     5.840101   0     0     0     1011   13.9  -22.18    0.13    6.0    1.80
NGC3437	-23.650000 5.300000	-20.549 alldat NGC3437   163.148941    22.934116   0     1     0     1283   31.9  -23.65    0.08    5.3    1.32
NGC3445	-22.010000 8.900000	-14.5357 alldat NGC3445   163.647781    56.990685   0     0     0     2069   33.4  -22.01    0.03    8.9    1.49
NGC3448	-22.420000 0.200000	-21.0029 alldat NGC3448   163.663498    54.305229   0     0     0     1350   23.8  -22.42    0.05    0.2    1.44
NGC3471	-23.080000 1.000000	-20.1868 alldat NGC3471   164.787567    61.530453   0     0     0     2109   34.1  -23.08    0.05    1.0    1.26
NGC3485	-22.500000 3.100000	-20.2447 alldat NGC3485   165.009964    14.841549   0     0     0     1436   24.6  -22.50    0.09    3.1    1.59
NGC3486	-21.690000 5.200000	-17.8935 alldat NGC3486   165.099777    28.974819   0     0     0      681    8.6  -21.69    0.09    5.2    1.76
NGC3495	-22.260000 6.300000	-19.4776 alldat NGC3495   165.317368     3.628037   0     0     0     1130   17.2  -22.26    0.20    6.3    1.64
NGC3504	-23.820000 2.100000	-21.5032 alldat NGC3504   165.796631    27.972435   0     0     0     1534   26.1  -23.82    0.11    2.1    1.39
NGC3507	-22.410000 3.100000	-18.4067 alldat NGC3507   165.855820    18.135344   0     0     0      979   14.3  -22.41    0.11    3.1    1.75
NGC3522	-21.670000 -4.900000	-19.1967 alldat NGC3522   166.668549    20.085621   0     1     0     1228   25.5  -21.67    0.10   -4.9    1.01
NGC3547	-21.660000 3.200000	-20.0598 alldat NGC3547   167.483124    10.720738   0     0     0     1579   26.3  -21.66    0.10    3.2    1.33
NGC3556	-23.340000 6.000000	-20.4477 alldat NGC3556   167.879028    55.674122   0     2     0      699   11.9  -23.34    0.07    6.0    1.94
NGC3583	-24.130000 3.100000	-20.5214 alldat NGC3583   168.545746    48.318378   0     1     0     2136   31.6  -24.13    0.06    3.1    1.45
NGC3595	-23.280000 -3.300000	-20.2806 alldat NGC3595   168.856461    47.447147   0     0     0     2177   34.7  -23.28    0.09   -3.3    1.15
NGC3610	-23.690000 -4.200000	-20.6033 alldat NGC3610   169.605316    58.786247   1     4     0     1707   20.8  -23.69    0.04   -4.2    1.20
NGC3611	-23.490000 1.000000	-20.771 alldat NGC3611   169.375656     4.555429   0     1     0     1585   39.3  -23.49    0.21    1.0    1.24
NGC3614	-23.190000 5.200000	-19.9043 alldat NGC3614   169.589142    45.748291   0     0     0     2333   36.7  -23.19    0.06    5.2    1.69
NGC3629	-21.600000 5.900000	-19.1832 alldat NGC3629   170.132568    26.963408   0     0     0     1508   26.1  -21.60    0.08    5.9    1.54
NGC3633	-23.050000 1.000000	-19.6459 alldat NGC3633   170.109222     3.585485   0     0     0     2600   38.0  -23.05    0.27    1.0    1.05
NGC3675	-24.750000 3.000000	-21.8807 alldat NGC3675   171.535767    43.585918   0     2     0      770   20.9  -24.75    0.09    3.0    1.76
NGC3687	-23.250000 3.800000	-20.2637 alldat NGC3687   172.002365    29.511044   0     0     0     2507   38.4  -23.25    0.10    3.8    1.38
NGC3694	-22.350000 -5.000000	-19.6077 alldat NGC3694   172.225571    35.413857   0     0     0     2243   35.2  -22.35    0.10   -5.0    1.02
NGC3705	-23.960000 2.400000	-21.1946 alldat NGC3705   172.531067     9.276630   0     2     0     1018   23.6  -23.96    0.20    2.4    1.57
NGC3835	-23.410000 2.000000	-20.8653 alldat NGC3835   176.020309    60.119682   0     0     0     2466   39.0  -23.41    0.08    2.0    1.26
NGC3888	-23.840000 5.300000	-21.0602 alldat NGC3888   176.893051    55.967258   0     1     0     2408   41.5  -23.84    0.05    5.3    1.32
NGC3941	-23.060000 -2.000000	-19.6897 alldat NGC3941   178.230667    36.986378   1     2     0      930   11.9  -23.06    0.09   -2.0    1.40
NGC3976	-23.200000 3.200000	-21.4127 alldat NGC3976   178.990143     6.750834   0     0     0     2497   37.2  -23.20    0.05    3.2    1.36
NGC4030	-25.140000 4.000000	-21.6008 alldat NGC4030   180.098511    -1.099963   0     3     0     1465   31.0  -25.14    0.12    4.0    1.61
NGC4045	-23.690000 1.300000	-20.3067 alldat NGC4045   180.676086     1.976771   0     0     0     1981   30.7  -23.69    0.10    1.3    1.36
NGC4062	-21.750000 5.300000	-18.9061 alldat NGC4062   181.015976    31.895815   0     0     0      769    9.8  -21.75    0.11    5.3    1.72
NGC4067	-22.910000 3.100000	-20.0445 alldat NGC4067   181.048157    10.854354   0     0     0     2415   36.5  -22.91    0.11    3.1    1.20
NGC4078	-22.990000 -2.000000	-19.9146 alldat NGC4078   181.198456    10.595537   0     0     0     2546   38.1  -22.99    0.11   -2.0    0.92
NGC4096	-22.120000 5.300000	-19.1014 alldat NGC4096   181.504837    47.478359   0     0     0      566    9.6  -22.12    0.08    5.3    1.77
NGC4158	-23.140000 3.100000	-20.3189 alldat NGC4158   182.792358    20.175770   0     0     0     2458   37.6  -23.14    0.14    3.1    1.29
NGC4162	-22.790000 4.000000	-20.4507 alldat NGC4162   182.968613    24.123682   0     1     0     2569   26.8  -22.79    0.16    4.0    1.36
NGC4233	-23.880000 -2.000000	-20.722 alldat NGC4233   184.282043     7.624434   0     1     0     2306   33.9  -23.88    0.10   -2.0    1.19
NGC4251	-23.680000 -1.900000	-21.0952 alldat NGC4251   184.534607    28.175299   1     1     0     1066   19.1  -23.68    0.10   -1.9    1.29
NGC4257	-22.340000 1.700000	-19.2673 alldat NGC4257   184.776993     5.725926   0     0     0     2756   40.5  -22.34    0.09    1.7    1.05
NGC4414	-24.330000 5.200000	-20.8843 alldat NGC4414   186.612869    31.223545   0    24     0      716   17.9  -24.33    0.08    5.2    1.52
NGC4454	-23.720000 0.100000	-20.4572 alldat NGC4454   187.211441    -1.939140   0     0     0     2407   35.6  -23.72    0.11    0.1    1.54
NGC4480	-23.070000 5.000000	-20.1565 alldat NGC4480   187.611588     4.246471   0     0     0     2439   36.4  -23.07    0.10    5.0    1.47
NGC4521	-23.920000 -0.100000	-20.824 alldat NGC4521   188.198853    63.939293   0     0     0     2511   39.7  -23.92    0.08   -0.1    1.21
NGC4525	-21.830000 5.900000	-18.8936 alldat NGC4525   188.463303    30.277517   0     0     0     1172   23.0  -21.83    0.10    5.9    1.62
NGC4559	-22.200000 6.000000	-20.2512 alldat NGC4559   188.990372    27.959761   0     0     0      816    9.0  -22.20    0.08    6.0    1.98
NGC4591	-22.580000 2.300000	-20.0355 alldat NGC4591   189.801834     6.012214   0     0     0     2422   36.4  -22.58    0.09    2.3    1.22
NGC4651	-23.900000 5.200000	-21.3901 alldat NGC4651   190.927612    16.393396   0     2     0      805   24.1  -23.90    0.12    5.2    1.56
NGC4690	-22.960000 -3.000000	-20.1301 alldat NGC4690   191.981323    -1.655975   0     0     0     2765   40.2  -22.96    0.13   -3.0    1.25
NGC4725	-24.380000 2.200000	-21.7929 alldat NGC4725   192.610886    25.500759   1    21     0     1206   12.9  -24.38    0.05    2.2    2.02
NGC4736	-23.420000 2.400000	-20.9579 alldat NGC4736   192.721451    41.120152   1     4     0      308    5.1  -23.42    0.08    2.4    1.66
NGC4771	-22.350000 6.300000	-19.3376 alldat NGC4771   193.338638     1.269171   0     0     0     1134   18.6  -22.35    0.09    6.3    1.52
NGC4772	-23.910000 1.100000	-20.5089 alldat NGC4772   193.371552     2.168344   0     1     0     1040   28.3  -23.91    0.12    1.1    1.47
NGC4779	-23.250000 4.600000	-20.2831 alldat NGC4779   193.461929     9.709920   0     0     0     2831   41.9  -23.25    0.09    4.6    1.39
NGC4791	-21.560000 0.000000	-18.8792 alldat NGC4791   193.683075     8.053164   0     0     0     2529   37.9  -21.56    0.14    0.0    1.03
NGC4799	-23.180000 4.900000	-20.1619 alldat NGC4799   193.814758     2.896605   0     0     0     2793   41.0  -23.18    0.15    4.9    1.01
NGC4800	-24.080000 3.000000	-21.1291 alldat NGC4800   193.657394    46.531139   0     1     0      891   29.8  -24.08    0.07    3.0    1.31
NGC4803	-22.280000 0.000000	-18.3045 alldat NGC4803   193.890289     8.240547   0     0     0     2645   39.4  -22.28    0.13    0.0    0.94
NGC4904	-22.100000 5.800000	-15.2063 alldat NGC4904   195.244446    -0.027452   0     0     0     1189   20.8  -22.10    0.11    5.8    1.52
NGC5005	-24.310000 4.000000	-20.7361 alldat NGC5005   197.734634    37.058941   0     3     0      946   14.1  -24.31    0.06    4.0    1.63
NGC5014	-21.540000 1.400000	-18.9051 alldat NGC5014   197.879990    36.282120   0     0     0     1126   21.4  -21.54    0.03    1.4    1.09
NGC5033	-24.280000 5.100000	-20.1226 alldat NGC5033   198.364731    36.593651   0     3     0      875   17.6  -24.28    0.05    5.1    1.79
NGC5055	-24.430000 4.000000	-21.3116 alldat NGC5055   198.955536    42.029289   0     2     0      504   10.1  -24.43    0.08    4.0    2.02
NGC5089	-21.810000 3.900000	-19.1481 alldat NGC5089   199.913742    30.256323   0     0     0     2141   34.2  -21.81    0.05    3.9    1.26
NGC5103	-22.360000 0.000000	-19.4161 alldat NGC5103   200.125229    43.084015   0     0     0     1273   23.4  -22.36    0.08    0.0    1.02
NGC5117	-21.520000 5.700000	-19.0337 alldat NGC5117   200.735260    28.316532   0     0     0     2382   37.2  -21.52    0.07    5.7    1.35
NGC5205	-22.620000 3.000000	-19.5374 alldat NGC5205   202.515381    62.511528   0     0     0     1766   29.9  -22.62    0.10    3.0    1.41
NGC5240	-22.080000 5.800000	-19.7491 alldat NGC5240   203.980103    35.588268   0     0     0     2234   35.5  -22.08    0.06    5.8    1.37
NGC5248	-24.340000 4.000000	-20.0493 alldat NGC5248   204.383621     8.885060   0     0     0     1151   20.8  -24.34    0.11    4.0    1.81
NGC5273	-22.370000 -1.900000	-18.9671 alldat NGC5273   205.534943    35.654240   1     2     0     1085   16.1  -22.37    0.04   -1.9    1.57
NGC5301	-23.000000 4.700000	-20.188 alldat NGC5301   206.602539    46.107407   0     0     0     1503   26.4  -23.00    0.08    4.7    1.38
NGC5303	-21.790000 4.800000	-19.0486 alldat NGC5303   206.937347    38.304531   0     0     0     1419   25.3  -21.79    0.06    4.8    1.13
NGC5334	-21.900000 5.200000	-18.2301 alldat NGC5334   208.226959    -1.114756   0     0     0     1386   23.1  -21.90    0.20    5.2    1.64
NGC5347	-23.190000 2.000000	-20.0392 alldat NGC5347   208.324387    33.490761   0     0     0     2335   36.8  -23.19    0.09    2.0    1.43
NGC5356	-22.250000 3.800000	-19.3337 alldat NGC5356   208.743423     5.333607   0     0     0     1374   23.7  -22.25    0.11    3.8    1.41
NGC5371	-24.880000 4.000000	-20.4916 alldat NGC5371   208.916763    40.461769   0     2     0     2558   31.4  -24.88    0.04    4.0    1.84
NGC5375	-23.620000 2.400000	-21.5685 alldat NGC5375   209.233276    29.164293   0     0     0     2386   37.3  -23.62    0.09    2.4    1.45
NGC5377	-24.100000 1.000000	-20.7418 alldat NGC5377   209.069458    47.235565   0     1     0     1793   31.0  -24.10    0.07    1.0    1.51
NGC5473	-24.250000 -2.700000	-21.0307 alldat NGC5473   211.180176    54.892620   0     0     0     2022   33.2  -24.25    0.05   -2.7    1.32
NGC5475	-22.880000 1.000000	-19.8608 alldat NGC5475   211.301437    55.741802   0     0     0     1671   28.6  -22.88    0.05    1.0    1.22
NGC5481	-22.680000 -3.900000	-19.5731 alldat NGC5481   211.671722    50.723320   0     2     0     1989   25.8  -22.68    0.08   -3.9    1.35
NGC5485	-23.610000 -2.000000	-20.33 alldat NGC5485   211.797134    55.001518   1     3     0     1927   25.2  -23.61    0.07   -2.0    1.45
NGC5492	-22.570000 3.000000	-20.2189 alldat NGC5492   212.646622    19.612354   0     0     0     2271   35.3  -22.57    0.17    3.0    1.08
NGC5496	-21.680000 6.500000	-20.0123 alldat NGC5496   212.907730    -1.158720   0     0     0     1541   24.8  -21.68    0.25    6.5    1.58
NGC5523	-21.650000 5.800000	-19.4123 alldat NGC5523   213.717957    25.317614   0     0     0     1039   18.9  -21.65    0.08    5.8    1.50
NGC5526	-22.280000 4.100000	-21 alldat NGC5526   213.473862    57.771317   0     0     0     2004   33.0  -22.28    0.05    4.1    1.20
NGC5557	-24.870000 -4.800000	-21.4602 alldat NGC5557   214.607117    36.493690   0     3     0     3219   38.8  -24.87    0.03   -4.8    1.46
NGC5560	-22.740000 3.000000	-20.0645 alldat NGC5560   215.018738     3.992653   0     0     0     1729   27.6  -22.74    0.13    3.0    1.27
NGC5582	-23.280000 -4.900000	-20.8424 alldat NGC5582   215.179703    39.693584   1     3     0     1430   27.7  -23.28    0.06   -4.9    1.44
NGC5584	-22.140000 6.000000	-18.8369 alldat NGC5584   215.599213    -0.387449   0     0     0     1638   26.0  -22.14    0.17    6.0    1.65
NGC5602	-23.190000 1.000000	-20.1415 alldat NGC5602   215.578476    50.501423   0     0     0     2230   35.9  -23.19    0.09    1.0    1.21
NGC5611	-22.200000 -1.900000	-19.3978 alldat NGC5611   216.019897    33.047501   1     1     0     1968   24.5  -22.20    0.05   -1.9    1.00
NGC5630	-22.240000 8.000000	-19.9198 alldat NGC5630   216.902420    41.257816   0     0     0     2655   41.3  -22.24    0.05    8.0    1.29
NGC5645	-22.140000 6.600000	-19.2491 alldat NGC5645   217.664169     7.275004   0     0     0     1370   23.1  -22.14    0.12    6.6    1.58
NGC5661	-21.560000 3.200000	-19.5072 alldat NGC5661   217.989166     6.250472   0     0     0     2354   35.6  -21.56    0.14    3.2    1.12
NGC5667	-22.080000 5.900000	-19.5883 alldat NGC5667   217.595367    59.469677   0     0     0     1943   32.2  -22.08    0.04    5.9    1.49
NGC5678	-24.110000 3.300000	-21.1156 alldat NGC5678   218.023270    57.921436   0     2     0     1922   30.0  -24.11    0.05    3.3    1.54
NGC5730	-22.000000 9.600000	-18.7794 alldat NGC5730   219.967453    42.742340   0     0     0     2533   39.8  -22.00    0.07    9.6    1.23
NGC5740	-23.560000 3.000000	-20.1385 alldat NGC5740   221.101761     1.679692   0     1     0     1572   30.5  -23.56    0.16    3.0    1.46
NGC5770	-22.150000 -2.000000	-19.1709 alldat NGC5770   223.312653     3.959721   1     1     0     1471   18.5  -22.15    0.17   -2.0    1.23
NGC5777	-23.410000 3.200000	-19.9071 alldat NGC5777   222.824158    58.977810   0     0     0     2145   34.9  -23.41    0.05    3.2    1.13
NGC5795	-22.990000 4.900000	-18.9917 alldat NGC5795   224.082840    49.400208   0     0     0     2366   37.7  -22.99    0.08    4.9    1.23
NGC5813	-25.090000 -4.800000	-21.2647 alldat NGC5813   225.296936     1.701970   1     4     0     1956   31.3  -25.09    0.25   -4.8    1.76
NGC5850	-24.810000 3.100000	-20.8902 alldat NGC5850   226.781982     1.544280   0     0     0     2556   37.9  -24.81    0.24    3.1    1.83
NGC5894	-23.920000 8.000000	-20.338 alldat NGC5894   227.920563    59.808823   0     0     0     2466   39.3  -23.92    0.05    8.0    1.42
NGC5921	-23.810000 4.000000	-21.092 alldat NGC5921   230.485672     5.070540   0     0     0     1480   23.9  -23.81    0.17    4.0    1.75
NGC5951	-22.240000 5.200000	-19.6942 alldat NGC5951   233.429459    15.007294   0     0     0     1780   28.5  -22.24    0.21    5.2    1.51
NGC5958	-22.140000 4.600000	-19.6833 alldat NGC5958   233.704681    28.655119   0     0     0     2007   32.2  -22.14    0.11    4.6    1.29
NGC5961	-21.670000 2.500000	-14.1124 alldat NGC5961   233.818588    30.864090   0     0     0     1828   29.9  -21.67    0.12    2.5    1.05
NGC5981	-23.030000 4.300000	-19.1211 alldat NGC5981   234.469437    59.393959   0     0     0     1764   29.8  -23.03    0.11    4.3    1.22
NGC5985	-24.860000 3.000000	-22.4503 alldat NGC5985   234.904541    59.331951   0     0     0     2517   40.0  -24.86    0.07    3.0    1.77
NGC6010	-23.530000 0.400000	-20.2056 alldat NGC6010   238.579773     0.543033   0     0     0     2022   30.6  -23.53    0.45    0.4    1.16
NGC6012	-22.810000 1.700000	-20.4843 alldat NGC6012   238.558105    14.601240   0     0     0     1854   29.3  -22.81    0.16    1.7    1.48
NGC6014	-22.990000 -1.900000	-20.7094 alldat NGC6014   238.989105     5.931838   0     0     0     2381   35.8  -22.99    0.22   -1.9    1.35
NGC6017	-22.520000 -5.000000	-19.516 alldat NGC6017   239.314529     5.998364   1     1     0     1788   29.0  -22.52    0.23   -5.0    0.85
NGC6063	-22.540000 5.900000	-19.9312 alldat NGC6063   241.804016     7.979009   0     3     0     2848   41.1  -22.54    0.20    5.9    1.39
NGC6106	-22.250000 5.300000	-14.1558 alldat NGC6106   244.696701     7.411013   0     0     0     1448   23.3  -22.25    0.29    5.3    1.41
NGC6155	-22.960000 5.400000	-20.3047 alldat NGC6155   246.534607    48.366920   0     0     0     2418   38.4  -22.96    0.06    5.4    1.35
NGC6181	-24.070000 5.200000	-20.8303 alldat NGC6181   248.087372    19.826603   0     1     0     2375   35.0  -24.07    0.27    5.2    1.31
NGC6207	-22.530000 4.900000	-20.3521 alldat NGC6207   250.765625    36.832424   0     3     0      852   21.4  -22.53    0.07    4.9    1.40
NGC6278	-24.190000 -1.900000	-20.9063 alldat NGC6278   255.209763    23.010956   0     0     0     2832   42.9  -24.19    0.27   -1.9    1.22
NGC7137	-23.290000 5.000000	-19.7398 alldat NGC7137   327.054321    22.159580   0     0     0     1686   26.3  -23.29    0.59    5.0    1.44
NGC7177	-23.410000 2.500000	-20.7088 alldat NGC7177   330.171875    17.738117   0     1     0     1150   20.5  -23.41    0.32    2.5    1.35
NGC7241	-22.830000 4.000000	-19.2797 alldat NGC7241   333.957825    19.232361   0     0     0     1447   22.8  -22.83    0.23    4.0    1.38
NGC7280	-22.830000 -1.300000	-19.8137 alldat NGC7280   336.614899    16.148266   1     2     0     1845   23.7  -22.83    0.24   -1.3    1.33
NGC7328	-23.450000 2.100000	-20.1886 alldat NGC7328   339.372070    10.531584   0     0     0     2825   40.9  -23.45    0.36    2.1    1.35
NGC7332	-23.750000 -1.900000	-20.8112 alldat NGC7332   339.352173    23.798351   1     1     0     1197   22.4  -23.75    0.16   -1.9    1.24
NGC7339	-22.600000 4.000000	-18.9422 alldat NGC7339   339.445374    23.786671   0     1     0     1313   17.0  -22.60    0.16    4.0    1.35
NGC7347	-21.880000 4.600000	-18.876 alldat NGC7347   339.984009    11.027560   0     0     0     2239   32.9  -21.88    0.25    4.6    1.18
NGC7416	-23.790000 3.000000	-21 alldat NGC7416   343.923767    -5.495346   0     0     0     2859   40.1  -23.79    0.19    3.0    1.40
NGC7454	-23.000000 -4.700000	-20.0374 alldat NGC7454   345.277130    16.388371   1     3     0     2020   23.2  -23.00    0.33   -4.7    1.41
NGC7463	-22.470000 3.000000	-20.4791 alldat NGC7463   345.466583    15.981848   0     0     0     2341   34.5  -22.47    0.32    3.0    1.17
NGC7479	-24.300000 4.400000	-21.8538 alldat NGC7479   346.236115    12.322879   0     1     0     2381   31.1  -24.30    0.49    4.4    1.68
NGC7497	-23.000000 6.200000	-19.9749 alldat NGC7497   347.264282    18.177181   0     0     0     1708   26.0  -23.00    0.77    6.2    1.69
NGC7625	-23.110000 1.000000	-20.3223 alldat NGC7625   350.125549    17.225601   0     0     0     1633   24.8  -23.11    0.11    1.0    1.25
NGC7678	-23.620000 4.900000	-20.9389 alldat NGC7678   352.116211    22.421183   0     1     0     3489   35.3  -23.62    0.21    4.9    1.56
NGC7693	-21.580000 -1.000000	-19.565 alldat NGC7693   353.293671    -1.292010   0     0     0     2502   35.4  -21.58    0.15   -1.0    1.11
NGC7694	-21.770000 10.000000	-21 alldat NGC7694   353.315674    -2.702838   0     0     0     2281   32.2  -21.77    0.20   10.0    1.34
NGC7710	-21.990000 -1.900000	-21 alldat NGC7710   353.942261    -2.880941   0     0     0     2407   34.0  -21.99    0.15   -1.9    0.92
NGC7714	-23.250000 3.100000	-20.9185 alldat NGC7714   354.058746     2.155020   0     0     0     2798   39.6  -23.25    0.23    3.1    1.08
NGC7716	-23.510000 3.000000	-20.4725 alldat NGC7716   354.131073     0.297313   0     0     0     2579   36.5  -23.51    0.15    3.0    1.37
NGC7742	-23.350000 2.800000	-20.6235 alldat NGC7742   356.065460    10.767097   0     0     0     1663   24.7  -23.35    0.24    2.8    1.25
NGC7743	-23.130000 -0.900000	-20.316 alldat NGC7743   356.088043     9.934042   1     2     0     1710   20.1  -23.13    0.30   -0.9    1.59
PGC009485	-22.420000 0.000000	-21 alldat PGC009485    37.381905    -3.212962   0     0     0     2435   33.6  -22.42    0.12    0.0    1.23
PGC044433	-22.250000 0.000000	-21 alldat PGC044433   194.578110    13.391409   0     0     0     2675   40.1  -22.25    0.13    0.0    0.71
PGC050395	-21.920000 0.000000	-19.2537 alldat PGC050395   211.913544    54.794575   0     0     0     2322   37.2  -21.92    0.05    0.0    1.04
PGC056772	-22.060000 -2.000000	-19.278 alldat PGC056772   240.548340     7.085953   0     0     0     2655   39.5  -22.06    0.19   -2.0    0.93
PGC069448	-22.360000 3.900000	-21 alldat PGC069448   340.062988    -2.424036   0     0     0     2970   42.0  -22.36    0.23    3.9    1.43
PGC071531	-21.740000 -4.000000	-21 alldat PGC071531   352.121338    19.863962   0     0     0     2030   30.4  -21.74    0.53   -4.0    0.88
PGC2800919	-21.900000 0.000000	-21 alldat PGC2800919   323.974976    -3.148177   0     0     0     2873   40.9  -21.90    0.18    0.0    0.78
UGC00260	-22.120000 5.800000	-19.5198 alldat UGC00260     6.762131    11.583811   0     0     0     2131   30.9  -22.12    0.33    5.8    1.19
UGC01551	-21.700000 6.100000	-20.2242 alldat UGC01551    30.906231    24.075525   0     0     0     2671   38.8  -21.70    0.40    6.1    1.51
UGC03960	-21.890000 -4.900000	-19.1817 alldat UGC03960   115.094856    23.275089   0     0     0     2255   33.2  -21.89    0.20   -4.9    1.24
UGC04551	-22.920000 -2.000000	-19.8628 alldat UGC04551   131.024582    49.793968   0     0     0     1728   28.0  -22.92    0.10   -2.0    1.03
UGC04621	-22.310000 1.000000	-19.4093 alldat UGC04621   132.549164    35.076431   0     0     0     2306   35.0  -22.31    0.17    1.0    1.16
UGC04824	-21.520000 6.400000	-19.2065 alldat UGC04824   137.889893    51.254295   0     0     0     2184   34.3  -21.52    0.08    6.4    1.26
UGC04906	-23.380000 1.100000	-20.3915 alldat UGC04906   139.416351    52.992760   0     0     0     2304   36.0  -23.38    0.06    1.1    1.24
UGC05376	-22.630000 7.800000	-19.257 alldat UGC05376   150.112793     3.374309   0     0     0     2054   30.2  -22.63    0.11    7.8    1.01
UGC05403	-22.180000 0.000000	-19.1283 alldat UGC05403   150.648163    19.177067   0     0     0     2082   31.7  -22.18    0.14    0.0    0.97
UGC05408	-22.030000 -3.300000	-19.4943 alldat UGC05408   150.966095    59.436138   0     0     0     2998   45.8  -22.03    0.06   -3.3    0.84
UGC05720	-21.550000 9.900000	-19.0033 alldat UGC05720   158.133148    54.400982   0     0     0     1430   24.8  -21.55    0.05    9.9    1.05
UGC06062	-22.820000 -2.000000	-19.9456 alldat UGC06062   164.656662     9.050468   0     0     0     2634   38.7  -22.82    0.13   -2.0    1.05
UGC06176	-22.660000 -2.000000	-19.6337 alldat UGC06176   166.852753    21.657185   0     0     0     2677   40.1  -22.66    0.08   -2.0    1.03
UGC06402	-21.670000 8.000000	-18.9385 alldat UGC06402   170.829742    -0.922440   0     0     0     2608   37.8  -21.67    0.19    8.0    1.02
UGC06517	-21.820000 3.700000	-19.9273 alldat UGC06517   173.010040    36.698124   0     0     0     2491   38.5  -21.82    0.12    3.7    1.28
UGC06879	-21.820000 7.200000	-19.0865 alldat UGC06879   178.604523    -2.319723   0     0     0     2388   35.1  -21.82    0.11    7.2    1.38
UGC07179	-23.330000 0.000000	-20.0498 alldat UGC07179   182.741882    63.914570   0     0     0     2630   41.3  -23.33    0.08    0.0    1.19
UGC08067	-22.660000 3.600000	-19.7445 alldat UGC08067   194.300690    -1.706808   0     0     0     2833   41.2  -22.66    0.08    3.6    1.28
UGC08658	-21.900000 5.000000	-19.5722 alldat UGC08658   205.166290    54.333004   0     0     0     2029   33.3  -21.90    0.07    5.0    1.62
UGC08693	-21.550000 4.400000	-19.2403 alldat UGC08693   206.118393    35.192299   0     0     0     2438   38.2  -21.55    0.05    4.4    1.18
UGC08756	-21.600000 1.300000	-18.5709 alldat UGC08756   207.649658    42.541439   0     0     0     1354   24.4  -21.60    0.06    1.3    1.03
UGC08876	-22.370000 -0.100000	-19.497 alldat UGC08876   209.241943    45.973179   0     0     0     2085   33.9  -22.37    0.04   -0.1    0.93
UGC09519	-21.980000 -1.900000	-18.9445 alldat UGC09519   221.588028    34.370651   0     0     0     1631   27.6  -21.98    0.09   -1.9    0.87
UGC09665	-22.770000 4.000000	-19.4315 alldat UGC09665   225.385208    48.319904   0     0     0     2558   40.3  -22.77    0.10    4.0    1.11
UGC09703	-21.890000 0.000000	-19.0599 alldat UGC09703   226.359467    46.565308   0     0     0     2471   39.1  -21.89    0.09    0.0    1.07
UGC09741	-21.650000 3.000000	-19.1955 alldat UGC09741   227.139587    52.296146   0     0     0     2498   39.6  -21.65    0.10    3.0    1.16
UGC09977	-21.770000 5.300000	-19.2069 alldat UGC09977   235.498138     0.713232   0     0     0     1915   29.2  -21.77    0.49    5.3    1.35
UGC10043	-22.260000 4.100000	-18.7046 alldat UGC10043   237.171616    21.869387   0     0     0     2161   33.8  -22.26    0.25    4.1    1.09
UGC12010	-21.650000 2.000000	-18.8011 alldat UGC12010   335.828033     5.533870   0     0     0     2797   40.2  -21.65    0.58    2.0    1.21
UGC12074	-21.670000 0.000000	-19.0943 alldat UGC12074   338.276215     8.097454   0     0     0     1988   29.3  -21.67    0.67    0.0    1.09
UGC12300	-22.120000 0.900000	-18.6617 alldat UGC12300   345.154968    12.782273   0     0     0     2294   33.6  -22.12    0.80    0.9    1.13
UGC12518	-22.590000 3.000000	-18.6203 alldat UGC12518   350.053253     7.932117   0     0     0     2787   40.0  -22.59    0.49    3.0    1.09
